8
0 64
-50.27942216 0 
-51.17148371 1 1
-51.61937288 1 2
-51.69152613 1 3
-51.84778681 1 5
-52.12866806 1 6
-52.52834415 1 7
-52.56391913 1 4
-52.96110761 2 5 1
-52.97180647 2 5 3
-53.29004776 2 6 1
-53.57165223 2 6 3
-53.64399829 2 3 1
-53.65064747 2 2 1
-53.77475843 2 5 6
-53.85822475 2 7 4
-54.30948143 3 5 3 1
-54.50397194 2 7 1
-54.63869261 2 4 1
-54.76936777 2 2 3
-54.93794455 3 5 6 1
-54.94684679 2 5 2
-54.95337089 3 5 6 3
-55.09372082 2 2 6
-55.15299142 2 3 4
-55.29241891 2 5 4
-55.48170976 2 7 3
-55.53327058 2 6 4
-55.62592376 3 6 1 3
-55.64772793 2 5 7
-55.76734446 2 6 7
-56.17292795 2 2 4
-56.36709582 2 2 7
-56.40134982 3 7 1 4
-57.45424091 3 5 2 1
-57.46498580 3 5 2 3
-57.59918473 3 2 6 1
-57.73604179 3 5 4 1
-57.76169200 3 5 3 4
-58.01712244 3 6 1 4
-58.04873262 3 2 6 3
-58.05195218 3 5 7 1
-58.07130631 3 5 7 3
-58.13713159 3 2 3 1
-58.17197683 3 6 1 7
-58.21472342 3 5 2 6
-58.35263950 3 6 4 3
-58.41893247 3 3 1 4
-58.46148450 3 7 4 3
-58.53099047 3 5 6 4
-58.63455057 3 5 7 4
-58.66129349 3 3 6 7
-58.73890739 3 7 1 3
-58.85109401 3 6 4 7
-58.87717493 3 5 6 7
-59.85107090 3 2 7 4
-60.71561667 3 2 4 1
-60.81083183 3 2 7 1
-61.42482698 3 2 3 4
-61.65208578 3 5 2 4
-61.92327880 3 2 6 4
-62.18858223 3 2 7 3
-62.37041202 3 5 2 7
-62.49671453 3 2 6 7
1 64
-9.92724259 2 5 3
-11.26491755 3 5 0 3
-11.41866202 3 5 6 3
-11.89186573 3 5 3 4
-12.15888441 3 5 7 3
-12.31674634 3 5 2 3
-35.45690077 2 5 2
-37.96429489 3 5 0 2
-38.11379675 1 5
-38.14049220 3 5 2 6
-39.22711755 2 5 0
-39.33997716 2 5 6
-40.50316328 3 5 0 6
-41.28951436 2 5 7
-41.72581440 2 5 4
-41.94240086 3 5 2 4
-42.14695914 3 5 2 7
-42.15103686 2 6 3
-43.69373861 3 5 0 7
-43.74781648 3 5 6 7
-44.03027555 3 3 6 7
-44.16943728 3 5 0 4
-44.20530839 3 0 6 3
-44.20926517 3 5 6 4
-45.24519501 1 6
-46.40657470 2 0 6
-46.59747387 3 5 7 4
-47.12883110 3 6 4 3
-47.20013340 2 6 7
-47.33769674 3 2 6 3
-48.30772290 2 2 6
-48.90736329 2 6 4
-49.60476577 3 0 6 7
-50.81318680 3 0 6 2
-51.39121515 3 0 6 4
-52.67329178 3 6 4 7
-53.06550495 3 2 6 7
-56.01613702 3 2 6 4
-71.03048743 1 7
-73.00611522 2 0 7
-73.05460698 0 
-73.21164692 2 7 4
-73.94666853 1 0
-74.54509775 2 7 3
-74.83210572 1 3
-75.51246180 1 4
-75.57290593 1 2
-75.75477199 3 0 7 4
-75.95705141 2 2 7
-76.78457788 2 0 3
-77.58723528 2 0 4
-77.60418052 2 0 2
-77.80229538 3 0 7 3
-77.94582629 3 7 4 3
-78.61151406 2 3 4
-78.94086748 2 2 3
-80.40078742 3 0 7 2
-80.91314489 2 2 4
-81.87745511 3 0 3 4
-82.30863130 3 0 3 2
-82.36071308 3 2 7 3
-82.46058701 3 2 7 4
-85.45583361 3 0 4 2
-86.94109334 3 2 3 4
2 64
-631.15972429 2 3 4
-637.43155985 3 0 3 4
-638.86707761 3 5 3 4
-638.99015014 2 5 4
-639.20673660 3 5 4 1
-639.48930357 3 3 1 4
-640.01528439 3 6 4 3
-642.76057863 3 7 4 3
-645.34981700 3 5 0 4
-647.20916941 3 5 6 4
-651.63613257 1 4
-653.19164572 3 5 7 4
-653.77287121 2 6 4
-655.24514138 2 0 4
-657.03681566 2 4 1
-657.55914901 2 7 4
-658.49058598 2 7 3
-660.16287943 3 0 6 4
-660.88164494 3 6 1 4
-663.11373972 3 0 4 1
-663.55199515 3 0 7 4
-665.19745845 3 0 7 3
-665.44875653 2 5 7
-665.66325479 3 5 7 3
-666.30620131 3 7 1 3
-666.30620131 3 5 7 1
-666.80808910 3 7 1 4
-667.22748975 3 3 6 7
-667.41622764 3 6 4 7
-672.15363922 1 7
-672.17144062 3 5 0 7
-673.17686829 1 3
-673.96494327 3 5 6 7
-675.99239089 2 0 7
-676.19993283 2 6 7
-676.25470993 2 0 3
-676.65181225 2 5 3
-677.08020320 2 7 1
-677.28563005 2 5 1
-677.28563005 2 3 1
-677.35427247 2 6 3
-679.04131600 3 5 3 1
-679.94252604 1 5
-681.14499157 3 5 0 3
-681.77876335 3 5 0 1
-681.77876335 3 0 3 1
-681.83135286 3 0 6 3
-681.90833485 3 5 6 3
-682.06530438 3 6 1 7
-682.54093235 3 5 6 1
-682.54093235 3 6 1 3
-682.92930290 3 0 6 7
-683.04158601 2 5 0
-683.38706308 3 0 7 1
-683.74041731 2 5 6
-688.18038230 3 5 0 6
-693.60083167 1 6
-695.76872647 0 
-696.56588443 2 0 6
-696.66335956 2 6 1
-697.10867718 1 0
-698.28702542 1 1
-700.76618918 2 0 1
-700.97249654 3 0 6 1
3 64
-8.43916553 2 5 1
-9.78753936 3 5 0 1
-9.96028678 3 5 6 1
-10.19485148 3 5 2 1
-10.29888910 3 5 4 1
-10.73325063 3 5 7 1
-33.33500591 2 5 2
-35.85314492 3 5 0 2
-36.04951946 3 5 2 6
-36.62571970 1 5
-37.74973936 2 5 0
-37.88160192 2 5 6
-39.06021437 3 5 0 6
-39.86388058 2 5 7
-40.00976524 3 5 2 4
-40.07837884 3 5 2 7
-40.13283776 2 5 4
-42.28745896 3 5 0 7
-42.36619139 3 5 6 7
-42.60211085 3 5 0 4
-42.60810887 3 5 6 4
-45.13909863 3 5 7 4
-79.20115455 3 2 6 1
-80.17118071 2 2 6
-83.12619250 3 0 6 2
-85.55235755 3 2 6 4
-86.80032317 3 2 6 7
-92.60290840 3 6 1 7
-93.32358176 2 6 1
-95.65945776 3 0 6 1
-95.77276625 2 6 7
-96.41773991 1 6
-97.53141218 3 6 1 4
-97.86072407 2 0 6
-98.66671528 3 0 6 7
-99.26932609 3 6 4 7
-99.30994437 2 6 4
-102.12931329 3 0 6 4
-189.95451016 3 2 7 4
-192.98860594 2 2 7
-194.07089311 1 2
-197.22088801 2 0 2
-197.43885466 2 2 1
-198.74050711 2 2 4
-198.81009235 3 0 7 2
-199.39226761 3 2 7 1
-201.92533879 3 0 1 2
-203.99240614 3 0 4 2
-204.75308054 2 7 4
-204.76845556 3 2 4 1
-206.65165918 1 7
-209.35634028 3 0 7 4
-209.48725990 3 7 1 4
-209.60502478 2 0 7
-210.16626949 2 7 1
-214.40120495 3 0 7 1
-216.66275129 0 
-218.07485526 1 0
-218.44025003 1 1
-219.21691539 1 4
-220.91276461 2 0 1
-221.80598768 2 0 4
-222.31596765 2 4 1
-226.09620751 3 0 4 1
4 64
-439.49255641 3 2 7 3
-440.87796015 3 5 2 7
-442.52665218 2 2 7
-446.01062726 3 0 7 2
-448.96105970 3 2 6 7
-449.03018779 3 2 7 1
-453.13507095 2 5 7
-455.22256376 2 7 3
-456.12189359 3 5 0 7
-457.12114240 1 7
-457.74476489 2 6 7
-458.20233849 3 0 7 3
-458.41028900 3 5 7 3
-458.44303047 3 5 7 1
-458.45102300 2 0 7
-458.62329229 3 7 1 3
-459.30230188 2 7 1
-460.37586856 3 5 6 7
-460.82851444 3 0 6 7
-461.19967977 3 0 7 1
-461.24132473 3 3 6 7
-463.21792327 3 6 1 7
-652.40647809 1 2
-656.96003317 2 0 2
-657.07609209 2 2 3
-657.74671706 2 2 1
-658.30825089 2 5 2
-659.87095295 2 2 6
-663.73155130 3 0 3 2
-664.79375098 3 5 2 1
-664.81168625 3 0 1 2
-664.98301022 3 5 2 3
-665.01348987 3 5 0 2
-665.07631795 3 2 3 1
-665.25212980 3 2 6 3
-666.16837621 3 5 2 6
-666.70051092 3 0 6 2
-667.57936707 3 2 6 1
-696.53907199 0 
-698.82356896 1 0
-698.99692682 1 1
-699.09323609 1 3
-699.26062679 1 5
-699.69891342 1 6
-702.46413571 2 0 1
-702.55470139 2 0 3
-702.59111787 2 6 3
-702.69962412 2 5 6
-702.70525889 2 5 0
-702.76774485 2 5 3
-702.87264443 2 5 1
-702.87264443 2 3 1
-703.10351593 2 0 6
-703.36108169 2 6 1
-704.73236799 3 5 3 1
-707.37210514 3 0 6 3
-707.42613107 3 5 6 3
-707.45585616 3 5 0 6
-707.55763038 3 5 0 3
-707.56891212 3 5 6 1
-707.56891212 3 6 1 3
-707.64757861 3 5 0 1
-707.64757861 3 0 3 1
-708.08815638 3 0 6 1
5 64
-4.54734524 2 3 1
-5.21282838 3 0 3 1
-5.38557580 3 6 1 3
-6.30303118 3 2 3 1
-6.33880148 3 7 1 3
-6.40706880 3 3 1 4
-36.11795064 2 6 3
-37.49966929 3 0 6 3
-37.56724610 3 3 6 7
-40.67201302 3 2 6 3
-40.95296383 3 6 4 3
-68.72501482 2 7 3
-69.45220837 1 3
-70.73248871 2 0 3
-71.31461136 3 0 7 3
-71.91274006 3 7 4 3
-72.92715232 2 2 3
-73.12671713 2 3 4
-74.62644357 3 2 6 1
-75.62277036 3 0 3 2
-75.73541771 3 0 3 4
-75.89768362 3 2 7 3
-80.83407045 3 2 3 4
-84.79367426 2 2 6
-87.52150404 3 6 1 7
-87.91467686 3 0 6 2
-88.73883140 3 2 6 7
-88.74887078 2 6 1
-90.39676757 3 0 6 1
-90.97382096 2 6 7
-91.09109752 3 2 6 4
-92.95670121 3 6 1 4
-93.60492463 3 6 4 7
-94.08365143 3 0 6 7
-94.65408862 1 6
-96.30017899 2 0 6
-97.65479933 2 6 4
-100.65251922 3 0 6 4
-193.54703437 2 2 1
-194.99781845 3 2 7 1
-197.35062781 3 0 1 2
-200.59406829 3 2 4 1
-204.91254892 3 7 1 4
-205.77182034 2 7 1
-209.31980058 3 0 7 1
-214.54842973 1 1
-216.33805363 2 0 1
-218.42414735 2 4 1
-221.52149653 3 0 4 1
-227.15921868 3 2 7 4
-228.80791072 2 2 7
-231.52672197 2 7 4
-233.66303953 1 2
-234.81122692 3 0 7 2
-235.51279341 1 7
-236.30304779 3 0 7 4
-236.99051345 2 0 2
-238.63217719 2 0 7
-239.56481232 2 2 4
-245.04397015 3 0 4 2
-249.48923996 0 
-251.05760461 1 0
-252.21079475 1 4
-254.93929453 2 0 4
6 64
-195.36036351 1 5
-196.58654392 2 5 1
-196.61624573 2 5 3
-197.26943460 2 3 1
-197.28733513 2 5 0
-198.10766516 3 5 3 1
-198.56338086 3 5 0 1
-198.59781015 3 5 0 3
-198.79936084 2 5 4
-199.15825479 2 5 2
-199.25136007 3 0 3 1
-199.92455123 2 5 7
-201.27463195 3 5 3 4
-201.28281161 3 5 4 1
-201.84184622 3 5 2 1
-201.87276834 3 5 2 3
-201.96570229 3 3 1 4
-202.03793240 3 5 0 4
-202.38285335 3 5 7 1
-202.42613142 3 5 0 2
-202.42686203 3 5 7 3
-202.52473690 3 2 3 1
-203.06980856 3 7 1 3
-203.15399822 3 5 0 7
-207.01838011 3 5 2 4
-207.16534883 3 5 7 4
-208.44073797 3 5 2 7
-229.95050346 1 3
-231.83062957 2 0 3
-233.44838525 2 3 4
-233.58463075 2 7 3
-234.12790765 2 2 3
-236.64803333 3 0 3 4
-236.76421448 3 0 7 3
-237.40727249 3 0 3 2
-239.60339173 3 7 4 3
-242.30394535 3 2 3 4
-242.32153452 3 2 7 3
-320.63316965 2 7 1
-320.76243702 2 2 1
-322.38610288 1 1
-324.30117454 3 0 7 1
-324.50466692 2 0 1
-324.54879103 3 7 1 4
-324.71097428 3 0 1 2
-325.61827083 3 2 7 1
-326.75025775 2 4 1
-330.12868759 3 0 4 1
-330.59508703 3 2 4 1
-344.46352368 1 7
-345.08714618 2 7 4
-347.70252398 2 0 7
-348.02762005 1 2
-348.50981728 2 2 7
-350.08001543 3 0 7 4
-350.19551485 0 
-351.50196800 2 0 2
-352.04476075 1 0
-353.35535627 1 4
-354.63943600 3 0 7 2
-354.94422481 3 2 7 4
-355.49209491 2 2 4
-356.32470771 2 0 4
-361.24244576 3 0 4 2
7 64
-432.30056931 2 5 4
-435.64270097 3 5 0 4
-437.17222879 3 5 4 1
-437.30683018 3 5 3 4
-437.85511947 3 3 1 4
-438.52080724 2 3 4
-440.66655730 3 5 6 4
-441.82930032 3 0 3 4
-444.67581373 3 6 4 3
-444.71643200 2 6 4
-446.50206490 3 5 2 4
-448.03425543 3 0 6 4
-448.48236050 3 6 1 4
-450.12166159 3 2 3 4
-450.68382722 2 4 1
-452.44648443 3 0 4 1
-452.98464209 1 4
-454.27894772 2 0 4
-458.35978843 3 2 6 4
-458.90765853 2 2 4
-460.45510066 3 2 4 1
-462.58580148 3 0 4 2
-663.93235564 2 5 2
-667.70519727 2 2 3
-668.78748445 1 2
-669.17162993 2 2 1
-669.26968168 2 2 6
-670.62241401 3 5 2 1
-670.67572857 3 5 2 3
-671.12504287 3 2 3 1
-671.35592086 3 5 0 2
-673.21483882 3 5 2 6
-673.53520739 2 0 2
-674.02746373 3 2 6 1
-675.12441173 3 0 3 2
-675.89882415 3 2 6 3
-676.33181428 3 0 1 2
-676.67267539 3 0 6 2
-678.42612514 1 5
-681.60184275 2 5 1
-681.66428603 2 5 3
-682.10447161 2 3 1
-682.22606626 2 5 0
-682.39147958 1 3
-682.99031286 2 5 6
-683.89592785 3 5 3 1
-686.02560687 2 6 3
-686.18166321 2 0 3
-686.67058052 1 6
-686.69268732 3 5 0 1
-686.76378586 3 5 0 3
-687.19938071 3 0 3 1
-687.39815218 3 5 6 1
-687.47490233 3 5 6 3
-687.90484556 3 6 1 3
-688.09272935 3 5 0 6
-688.62551892 2 6 1
-690.30925692 2 0 6
-690.37845215 1 1
-691.11524813 3 0 6 3
-692.40257169 0 
-693.50744799 3 0 6 1
-693.71094038 2 0 1
-694.65149369 1 0
