8
0 64
-19.25129908 0 
-19.93274579 1 1
-20.17957803 1 3
-20.18344503 1 5
-20.21048798 2 6 2
-20.33002518 1 6
-20.61686683 1 4
-20.63553811 2 6 4
-20.75969500 2 6 5
-20.81893809 1 2
-20.85876564 2 5 3
-20.85876564 2 5 1
-20.85876564 2 3 1
-20.98370795 1 7
-21.00376702 2 6 3
-21.03152534 3 5 3 1
-21.45485164 3 6 2 1
-21.47895588 3 6 4 5
-21.48171864 2 6 1
-21.67454764 3 6 5 2
-21.68576175 3 6 3 2
-21.81712229 3 6 4 3
-21.93365126 2 2 1
-22.12284903 2 7 1
-22.24373482 2 4 2
-22.26075990 3 6 5 3
-22.26075990 3 6 5 1
-22.26075990 3 6 3 1
-22.38856517 2 4 1
-22.41532944 3 6 4 1
-22.68659290 2 4 3
-22.69539681 2 4 5
-22.78528408 2 5 2
-22.81385615 2 3 2
-22.90846097 2 6 7
-23.02490857 3 6 4 2
-23.05702799 2 7 3
-23.06647966 2 7 5
-23.26684601 2 7 4
-23.90279024 2 7 2
-24.05308366 3 4 2 1
-24.10600206 3 5 3 2
-24.10600206 3 2 5 1
-24.10600206 3 2 3 1
-24.35854198 3 7 5 3
-24.35854198 3 7 5 1
-24.35854198 3 7 3 1
-24.65551031 3 4 5 1
-24.65551031 3 4 3 5
-24.65551031 3 4 3 1
-24.65800240 3 6 7 5
-24.66138602 3 6 7 3
-24.78360412 3 6 7 1
-24.88954758 3 4 5 2
-24.89105388 3 4 3 2
-25.00604612 3 6 7 4
-25.17876636 3 6 7 2
-25.67260270 3 7 2 1
-25.77383263 3 7 4 1
-26.38207470 3 7 4 2
-27.28114130 3 7 4 3
-27.30897775 3 7 4 5
-27.78189266 3 7 5 2
-27.80226807 3 7 3 2
1 64
-3.33502990 2 5 3
-3.50778960 3 0 5 3
-3.59850727 3 6 5 3
-4.48207981 3 5 3 2
-4.49647306 3 7 5 3
-5.15311779 3 4 3 5
-12.12373439 2 7 5
-12.22645142 1 5
-12.46563128 2 6 3
-12.90177203 2 0 5
-13.07983544 2 6 5
-13.20999284 3 6 3 2
-13.22408304 3 6 7 3
-13.28999692 2 5 2
-13.41579670 3 0 7 5
-13.62272218 3 6 7 5
-13.72262416 3 6 0 3
-13.91124235 2 6 7
-14.00309375 1 6
-14.58090034 3 6 0 5
-14.61071490 3 0 5 2
-14.65228362 2 6 2
-14.81804170 3 6 5 2
-14.83475761 3 7 5 2
-15.03411633 2 4 5
-15.15478722 2 6 0
-15.78638549 3 6 0 7
-15.89664728 3 6 0 2
-16.36383139 3 7 4 5
-16.43152456 3 6 4 3
-16.60652689 3 6 7 2
-16.83386632 2 6 4
-16.99422983 3 0 4 5
-17.19832475 3 4 5 2
-17.20149029 3 6 4 5
-17.35517934 3 6 7 4
-17.98060868 1 7
-18.54053305 1 2
-18.61365765 3 6 0 4
-18.88652895 2 7 4
-18.95331579 3 6 4 2
-19.04730712 2 7 2
-19.11974976 2 0 7
-19.25129908 0 
-19.38128550 2 7 3
-19.65524623 2 0 2
-19.83335006 2 3 2
-19.93274579 1 0
-20.17957803 1 3
-20.68279948 3 0 7 3
-20.69609133 3 7 4 2
-20.80312813 2 4 2
-20.81711959 3 0 7 2
-20.85876564 2 0 3
-20.97773052 1 4
-21.12549597 3 0 3 2
-21.39351557 3 0 4 7
-21.62764067 3 7 3 2
-21.97104026 3 7 4 3
-22.61247698 3 0 4 2
-22.74942886 2 0 4
-23.02714375 2 4 3
-23.25392037 3 4 3 2
-24.99606116 3 0 4 3
2 64
-152.93921299 2 4 5
-153.90600825 2 4 1
-153.96093715 1 7
-154.08061064 1 4
-154.24941057 2 7 4
-154.87664478 2 4 3
-155.02763558 2 7 1
-155.10342140 3 4 5 1
-155.10342140 3 4 3 5
-155.10342140 3 4 3 1
-155.13336376 3 0 4 5
-155.57052674 3 0 4 1
-155.70747862 2 0 4
-156.05897295 3 7 4 1
-156.68209799 2 7 5
-156.79584761 2 6 4
-156.88001943 2 0 7
-157.08110576 3 0 4 3
-157.14676605 2 7 3
-157.36463925 3 0 4 7
-158.13416362 3 7 4 5
-158.49239489 2 6 7
-158.57738926 3 0 7 1
-158.91529708 3 6 4 1
-159.18521807 3 6 0 4
-159.27420327 3 6 4 5
-159.39312121 3 7 5 3
-159.39312121 3 7 5 1
-159.39312121 3 7 3 1
-159.81853618 3 7 4 3
-160.76270028 3 6 0 7
-161.18767944 3 6 7 1
-161.39751099 3 0 7 5
-161.47661544 3 6 4 3
-161.81419000 3 6 7 4
-161.89200612 3 0 7 3
-163.62804828 3 6 7 5
-163.69477239 3 6 7 3
-175.19854322 1 5
-175.43552975 1 1
-176.14629578 0 
-176.26208872 2 5 3
-176.26208872 2 5 1
-176.26208872 2 3 1
-176.57397731 2 6 0
-176.60831669 1 3
-176.69351451 1 6
-177.31583736 3 6 0 1
-177.34270437 2 6 1
-177.40913863 3 5 3 1
-177.43643522 2 0 1
-177.71393478 1 0
-177.80038227 2 0 5
-178.76726806 2 6 5
-179.24259481 2 0 3
-179.50932514 3 0 5 3
-179.50932514 3 0 5 1
-179.50932514 3 0 3 1
-179.68212070 3 6 0 5
-179.76111276 2 6 3
-180.44310750 3 6 0 3
-180.50547432 3 6 5 3
-180.50547432 3 6 5 1
-180.50547432 3 6 3 1
3 64
-3.33502990 2 5 1
-3.50778960 3 0 5 1
-3.59850727 3 6 5 1
-4.48207981 3 2 5 1
-4.49647306 3 7 5 1
-5.15311779 3 4 5 1
-12.12373439 2 7 5
-12.22645142 1 5
-12.90177203 2 0 5
-13.07983544 2 6 5
-13.28999692 2 5 2
-13.41579670 3 0 7 5
-13.62272218 3 6 7 5
-14.58090034 3 6 0 5
-14.61071490 3 0 5 2
-14.81804170 3 6 5 2
-14.83475761 3 7 5 2
-15.03411633 2 4 5
-16.36383139 3 7 4 5
-16.99422983 3 0 4 5
-17.19832475 3 4 5 2
-17.20149029 3 6 4 5
-23.75971160 2 6 1
-24.53875286 3 6 0 1
-25.29717407 1 6
-25.97091591 2 6 0
-26.92248155 3 6 2 1
-27.76877342 3 6 7 1
-28.02594524 3 6 4 1
-28.36477232 2 6 2
-28.42828700 2 6 4
-28.45593273 2 6 7
-29.60987119 3 6 0 4
-29.84004610 3 6 0 2
-30.20885778 3 6 0 7
-32.99137272 3 6 7 4
-33.10905483 3 6 4 2
-33.65831022 3 6 7 2
-59.73169013 0 
-60.19371104 1 2
-60.65996907 1 1
-60.65996907 1 0
-61.48652805 2 2 1
-61.58598892 2 0 1
-62.06016961 1 4
-62.16481301 1 7
-62.18862911 2 0 2
-62.85620375 2 4 2
-63.56548983 2 7 1
-63.65887884 3 0 2 1
-64.10958284 2 4 1
-64.12989568 2 0 4
-64.23813305 2 0 7
-65.30699599 3 4 2 1
-65.35064191 2 7 2
-65.50352282 3 0 4 2
-65.80118278 3 0 7 1
-66.02833830 2 7 4
-66.37652798 3 0 4 1
-67.93097546 3 7 2 1
-69.11284961 3 7 4 1
-69.25011974 3 0 7 2
-70.04263359 3 0 4 7
-71.59746391 3 7 4 2
4 64
-112.05559526 1 7
-112.34406868 2 7 2
-112.96151553 2 7 1
-113.99285289 3 7 2 1
-114.26877831 2 7 5
-114.33873333 2 0 7
-114.82335314 3 0 7 2
-115.72084394 3 7 5 2
-115.91912055 2 7 3
-116.26962181 2 6 7
-116.37103043 3 6 7 5
-116.61249914 3 0 7 1
-118.36720695 3 6 0 7
-118.50887531 3 7 5 3
-118.50887531 3 7 5 1
-118.50887531 3 7 3 1
-118.51127640 3 0 7 5
-118.59089068 3 7 3 2
-119.59141691 3 6 7 2
-119.71355880 3 6 7 1
-120.14323386 3 0 7 3
-120.80506180 3 6 7 3
-150.31641140 1 2
-151.74120813 2 0 2
-152.49114660 2 5 2
-152.57900648 2 2 1
-152.97890411 2 3 2
-154.59541011 3 0 5 2
-154.69843888 3 0 2 1
-155.05610185 3 0 3 2
-155.34284216 2 6 2
-156.39947443 3 5 3 2
-156.39947443 3 2 5 1
-156.39947443 3 2 3 1
-158.15726275 3 6 0 2
-158.72279564 3 6 5 2
-159.64387434 3 6 2 1
-160.08712467 3 6 3 2
-172.38209654 0 
-173.74766429 1 0
-174.10852798 1 1
-174.71057602 1 3
-174.75047684 1 5
-175.24050906 1 6
-175.54602199 2 6 0
-176.56434736 2 0 1
-177.21759090 2 0 3
-177.26242862 2 0 5
-177.55814174 2 5 3
-177.55814174 2 5 1
-177.55814174 2 3 1
-178.07128163 2 6 1
-178.21586042 2 6 5
-178.37162199 2 6 3
-178.93512130 3 6 0 5
-179.00489242 3 6 0 1
-179.18497726 3 6 0 3
-179.37622963 3 5 3 1
-181.35488641 3 0 5 3
-181.35488641 3 0 5 1
-181.35488641 3 0 3 1
-182.33751527 3 6 5 3
-182.33751527 3 6 5 1
-182.33751527 3 6 3 1
5 64
-3.33502990 2 3 1
-3.50778960 3 0 3 1
-3.59850727 3 6 3 1
-4.48207981 3 2 3 1
-4.49647306 3 7 3 1
-5.15311779 3 4 3 1
-12.46563128 2 6 3
-13.20999284 3 6 3 2
-13.22408304 3 6 7 3
-13.72262416 3 6 0 3
-16.43152456 3 6 4 3
-19.38128550 2 7 3
-19.83335006 2 3 2
-20.17957803 1 3
-20.68279948 3 0 7 3
-20.85876564 2 0 3
-21.12549597 3 0 3 2
-21.62764067 3 7 3 2
-21.97104026 3 7 4 3
-23.02714375 2 4 3
-23.25392037 3 4 3 2
-23.75971160 2 6 1
-24.53875286 3 6 0 1
-24.68296991 1 6
-24.99606116 3 0 4 3
-25.11263973 2 6 0
-26.75672346 2 6 2
-26.92248155 3 6 2 1
-27.65832128 2 6 4
-27.76877342 3 6 7 1
-28.02594524 3 6 4 1
-28.05729358 2 6 7
-28.15870221 3 6 7 4
-28.22078313 3 6 0 2
-28.50173905 3 6 0 4
-29.80683501 3 6 0 7
-30.13667694 3 6 4 2
-33.19294697 3 6 7 2
-60.65996907 1 1
-61.48652805 2 2 1
-61.58598892 2 0 1
-63.56548983 2 7 1
-63.65887884 3 0 2 1
-64.10958284 2 4 1
-65.30699599 3 4 2 1
-65.80118278 3 0 7 1
-66.37652798 3 0 4 1
-66.73706418 1 2
-67.68481674 0 
-67.93097546 3 7 2 1
-68.61696268 1 0
-68.70341017 2 0 2
-68.91179938 2 4 2
-69.11284961 3 7 4 1
-69.42236412 1 7
-70.05319703 1 4
-71.50513584 2 0 7
-71.55761215 3 0 4 2
-71.63554717 2 7 4
-72.13172701 2 0 4
-72.14352497 2 7 2
-75.52030022 3 7 4 2
-75.67767891 3 0 4 7
-76.02262739 3 0 7 2
6 64
-51.71783433 1 5
-52.29408430 2 0 5
-52.57121835 2 5 3
-52.57121835 2 5 1
-52.57121835 2 3 1
-52.83469572 3 5 3 1
-53.96677699 3 0 4 5
-53.97321261 3 0 5 3
-53.97321261 3 0 5 1
-53.97321261 3 0 3 1
-54.17582273 3 0 5 2
-55.06477772 2 7 5
-55.18321792 2 4 5
-55.28655916 2 5 2
-56.56376551 3 7 5 3
-56.56376551 3 7 5 1
-56.56376551 3 7 3 1
-56.65630046 3 0 7 5
-56.81460395 3 5 3 2
-56.81460395 3 2 5 1
-56.81460395 3 2 3 1
-57.16702984 3 7 4 5
-57.35059187 3 4 5 1
-57.35059187 3 4 3 5
-57.35059187 3 4 3 1
-60.28516509 1 3
-61.10935409 2 0 3
-61.51820820 3 4 5 2
-62.01072801 3 7 5 2
-62.30986677 3 0 3 2
-62.72096797 2 7 3
-63.07674045 3 0 4 3
-63.43796117 2 3 2
-63.94621107 2 4 3
-64.32532600 3 0 7 3
-67.60690923 3 7 4 3
-69.26897432 3 7 3 2
-70.54618172 3 4 3 2
-89.47147583 1 1
-90.89985082 3 0 2 1
-91.02044868 2 0 1
-91.37865045 2 2 1
-92.36048192 2 7 1
-93.43422947 2 4 1
-93.46099374 3 0 4 1
-94.65844978 2 0 2
-94.71968116 0 
-95.02123701 3 0 7 1
-95.26689988 1 2
-95.79840725 1 0
-96.42984826 1 7
-97.57809367 1 4
-97.59676495 2 0 4
-98.35460128 2 0 7
-98.44351830 3 4 2 1
-98.52052577 3 7 2 1
-99.11252519 3 7 4 1
-100.29333064 2 4 2
-100.64387480 2 7 4
-100.96130600 2 7 2
-101.07450439 3 0 4 2
-102.23728212 3 0 7 2
-102.38307491 3 0 4 7
-108.20865423 3 7 4 2
7 64
-109.21990216 2 4 1
-111.31110373 1 4
-111.37286685 3 4 2 1
-111.47990365 2 4 2
-112.60516962 3 0 4 1
-112.89345386 2 4 5
-113.96108291 2 0 4
-114.22316892 3 4 5 1
-114.22316892 3 4 3 5
-114.22316892 3 4 3 1
-114.37688485 2 6 4
-114.87726578 3 6 4 5
-114.89819787 3 6 4 1
-115.27927241 2 4 3
-115.61824353 3 0 4 2
-117.50703480 3 0 4 5
-118.08840449 3 4 5 2
-118.74739286 3 6 0 4
-118.93997057 3 6 4 3
-119.39522724 3 6 4 2
-119.87382081 3 0 4 3
-120.22116381 3 4 3 2
-149.45224637 1 2
-149.95902044 2 2 1
-152.53609852 2 0 2
-153.69797188 3 0 2 1
-154.60917724 2 3 2
-154.85870715 2 5 2
-155.14665249 2 6 2
-156.40346784 3 5 3 2
-156.40346784 3 2 5 1
-156.40346784 3 2 3 1
-157.10089576 3 6 2 1
-159.59758916 3 0 3 2
-159.85531574 3 0 5 2
-160.11493087 3 6 0 2
-160.44019039 3 6 3 2
-161.58287600 3 6 5 2
-170.36691460 1 1
-171.63760500 0 
-172.55701784 2 0 1
-173.25592070 2 6 1
-173.27243535 2 5 3
-173.27243535 2 5 1
-173.27243535 2 3 1
-173.34777210 1 6
-173.37001387 1 0
-173.37515239 1 5
-174.07072788 1 3
-174.43387851 3 5 3 1
-175.92620790 2 6 0
-176.25818702 2 0 5
-176.50653076 2 6 3
-176.55780617 3 6 0 1
-176.72209578 2 6 5
-176.77221169 3 0 5 3
-176.77221169 3 0 5 1
-176.77221169 3 0 3 1
-176.94817785 2 0 3
-177.26498252 3 6 5 3
-177.26498252 3 6 5 1
-177.26498252 3 6 3 1
-180.16414977 3 6 0 3
-180.62040318 3 6 0 5
