8
0 64
-64.23131752 0 
-64.58569415 1 1
-65.02643549 1 3
-65.68341649 2 5 3
-65.76987960 2 1 5
-65.87245869 2 6 1
-66.03388651 1 5
-66.14971595 1 6
-66.37429866 2 1 3
-66.41619301 1 4
-66.57176901 1 7
-66.62544308 1 2
-66.73839367 2 2 1
-67.05288641 3 1 5 3
-67.73752129 2 2 5
-67.76692934 2 6 3
-67.81247888 2 6 5
-67.98835414 2 1 7
-68.07449869 3 6 5 3
-68.16502996 3 6 1 5
-68.27755874 2 4 1
-68.34988326 2 4 3
-68.42913581 2 2 3
-68.53422323 2 7 3
-68.68505957 2 2 6
-68.76646871 3 6 1 3
-69.08612507 3 2 5 3
-69.09104397 3 2 1 5
-69.29597737 3 2 6 1
-69.46263202 2 4 7
-69.69237124 2 4 5
-69.71662296 2 6 7
-69.73910088 2 4 6
-69.74771236 2 5 7
-69.77799918 3 2 1 3
-70.43915777 3 5 7 3
-70.57791840 3 1 5 7
-70.63985072 3 4 5 3
-70.77810878 3 4 1 5
-70.79387397 3 6 1 7
-70.82894121 3 2 6 5
-70.93836602 3 4 6 1
-71.04018764 2 2 4
-71.13091895 3 1 7 3
-71.33110933 3 4 1 3
-71.47757931 2 2 7
-71.93449673 3 2 6 3
-72.33341511 3 6 7 3
-72.60811708 3 4 6 3
-73.29259135 3 4 1 7
-73.37107210 3 4 6 5
-73.39007050 3 4 7 3
-73.48512939 3 6 5 7
-73.85210644 3 2 4 5
-73.88336436 3 2 1 7
-74.16079879 3 2 4 1
-74.70506962 3 2 4 3
-75.01150184 3 4 6 7
-75.02909976 3 4 5 7
-75.41078846 3 2 5 7
-75.72499433 3 2 6 4
-75.91382329 3 2 7 3
-75.91743200 3 2 6 7
-78.62255330 3 2 4 7
1 64
-9.95780291 2 5 3
-11.32727284 3 0 5 3
-11.99252477 3 4 5 3
-12.14272202 3 6 5 3
-12.26914246 3 5 7 3
-12.30751105 3 2 5 3
-39.71061408 2 0 5
-39.97462100 1 5
-42.47630665 2 6 5
-42.56587162 2 5 7
-42.82677578 2 2 5
-42.82885773 3 0 6 5
-43.39607766 3 0 5 7
-43.54735336 2 4 5
-44.18029845 3 0 2 5
-44.63306387 3 6 5 7
-44.63309090 3 0 4 5
-44.85931047 3 4 6 5
-45.70427327 3 2 4 5
-45.92114230 3 2 5 7
-47.19477106 3 2 6 5
-49.84727558 3 4 5 7
-53.01687943 2 6 3
-54.01641880 3 0 6 3
-54.35547546 2 0 6
-54.63273272 1 6
-57.54044724 3 2 6 3
-57.65443914 3 6 7 3
-57.80343542 3 4 6 3
-57.96590441 2 4 6
-58.02890483 2 2 6
-58.34353009 2 6 7
-58.63982263 3 0 2 6
-59.16516954 3 0 4 6
-59.42078110 3 0 6 7
-61.49480677 3 2 6 7
-64.84356142 3 2 6 4
-66.02291625 3 4 6 7
-77.33370344 1 2
-77.34608062 0 
-77.44665404 2 0 2
-77.70045724 1 0
-78.39721265 2 2 7
-78.48060720 1 7
-78.69245540 1 4
-79.17283291 1 3
-79.89719233 2 0 7
-80.52069609 2 0 3
-80.55382114 2 0 4
-80.80299770 3 0 2 7
-80.83889829 2 2 3
-81.77547643 2 2 4
-82.03069512 2 7 3
-82.12464172 2 4 3
-82.18776166 3 0 2 3
-82.63786174 2 4 7
-84.16903686 3 2 7 3
-84.62739083 3 0 7 3
-84.89608758 3 0 2 4
-85.10586779 3 0 4 3
-86.46782107 3 0 4 7
-87.42880018 3 2 4 3
-87.58544933 3 2 4 7
-88.75318345 3 4 7 3
2 64
-649.97403159 2 4 3
-652.72094643 2 4 5
-654.58693144 3 4 5 3
-654.87786634 3 4 1 5
-655.27819004 3 4 1 3
-656.32921795 3 0 4 3
-656.88068163 3 0 4 5
-658.04866036 3 4 6 3
-661.27026729 2 4 6
-661.93265699 3 4 7 3
-662.40591158 3 4 6 5
-664.95839425 3 4 5 7
-666.12096746 1 4
-667.25616074 3 0 4 6
-668.14792431 3 4 6 1
-669.20398849 2 4 1
-670.74496209 2 0 4
-671.22679316 2 5 7
-672.66378398 2 7 3
-673.71343795 2 4 7
-674.20331966 3 5 7 3
-674.58206384 3 1 5 7
-674.80212572 3 1 7 3
-675.08722854 3 0 4 1
-675.92116037 3 4 6 7
-676.88986926 3 0 5 7
-677.34221575 1 5
-677.67475083 2 6 7
-678.66102554 3 4 1 7
-678.95246239 1 3
-679.04585053 2 0 5
-680.04288086 2 5 3
-680.04338404 3 0 7 3
-680.19437053 2 1 5
-680.61413564 3 6 5 7
-680.61852777 2 1 3
-680.82602751 3 6 1 7
-680.86098709 2 6 5
-680.86993972 3 6 7 3
-681.35799613 2 1 7
-681.44139068 1 7
-681.45790645 2 6 3
-682.35516271 2 0 3
-682.39258900 3 1 5 3
-682.87335922 3 0 4 7
-683.44558944 3 0 5 3
-683.51553490 3 0 1 5
-683.87555987 3 0 6 7
-683.87744942 3 0 6 5
-684.02222828 3 0 1 3
-684.84424550 1 6
-685.40949821 3 6 5 3
-685.57945150 3 6 1 5
-685.62547384 3 0 6 3
-685.98147427 3 6 1 3
-686.34720099 2 0 7
-687.25300636 3 0 1 7
-687.37958912 2 0 6
-688.24041761 2 6 1
-691.66393629 3 0 6 1
-696.81272238 1 1
-696.82509955 0 
-698.96542191 2 0 1
-699.21922511 1 0
3 64
-8.52993213 2 1 5
-9.81293894 3 0 1 5
-10.55465177 3 1 5 7
-10.58718221 3 4 1 5
-10.66534383 3 6 1 5
-10.72815060 3 2 1 5
-38.19628018 2 0 5
-38.54675021 1 5
-40.85138094 2 5 7
-40.99892846 2 6 5
-41.24741532 2 2 5
-41.26094827 3 0 6 5
-41.54282635 3 0 5 7
-42.14201081 2 4 5
-42.59601910 3 0 2 5
-42.95763501 3 6 5 7
-43.08949029 3 0 4 5
-43.51053285 3 4 6 5
-43.82790744 3 2 5 7
-44.00799582 3 2 4 5
-45.54743958 3 2 6 5
-48.24611929 3 4 5 7
-98.37180028 3 6 1 7
-98.96202419 3 2 6 1
-99.06089124 2 6 7
-99.45048177 2 2 6
-101.22096753 2 6 1
-101.67768338 3 0 6 7
-102.25608012 3 2 6 7
-102.69991893 3 0 2 6
-102.74874500 3 2 6 4
-102.83682083 1 6
-104.11497755 3 0 6 1
-104.45403421 2 0 6
-105.80788295 3 4 6 1
-105.97035193 2 4 6
-106.04503098 3 4 6 7
-108.83936813 3 0 4 6
-191.72931543 3 2 4 7
-193.82593537 2 2 7
-198.26217935 3 0 2 7
-199.59775957 3 2 1 7
-201.62438679 1 2
-202.60354207 1 7
-203.18950098 2 2 4
-203.42807952 2 0 2
-203.51009639 2 4 7
-204.56599629 2 0 7
-205.12958164 2 2 1
-206.15362998 2 1 7
-206.85438296 3 0 2 4
-207.43753487 3 0 4 7
-208.16918714 3 0 2 1
-208.84282472 3 2 4 1
-209.29619479 3 0 1 7
-209.62541811 3 4 1 7
-219.33643685 1 4
-219.49702396 0 
-220.29214193 1 0
-221.27012710 2 0 4
-221.32377625 1 1
-222.76862317 2 4 1
-223.11238077 2 0 1
-225.82217375 3 0 4 1
4 64
-418.33059481 3 2 7 3
-420.42721474 2 2 7
-421.83408356 3 2 5 7
-427.33519154 3 2 6 7
-427.57218872 3 0 2 7
-428.10248247 2 5 7
-428.15516748 1 7
-429.06172180 2 7 3
-429.08878200 2 6 7
-429.61545142 3 2 1 7
-431.04603049 2 0 7
-432.31242201 2 1 7
-433.38386987 3 0 5 7
-433.91756906 3 0 7 3
-434.38366088 3 0 6 7
-435.38388643 3 1 5 7
-435.49722083 3 5 7 3
-435.78421014 3 1 7 3
-436.05494997 3 6 5 7
-436.07292175 3 6 7 3
-436.76816816 3 6 1 7
-437.61665923 3 0 1 7
-658.66239806 1 2
-660.22751224 2 2 3
-663.07714262 2 0 2
-663.10417105 2 2 1
-663.75965481 2 2 5
-664.28222978 2 2 6
-666.50344605 3 0 2 3
-666.52023531 3 2 5 3
-666.63715231 3 2 1 5
-666.81741413 3 2 1 3
-667.58049300 3 2 6 3
-669.87423996 3 0 2 5
-670.52657617 3 0 2 1
-671.09688638 3 2 6 1
-671.32216454 3 0 2 6
-674.65311433 3 2 6 5
-687.85620799 1 6
-688.38092413 1 5
-689.20594305 1 3
-689.36653015 0 
-690.71290494 1 1
-690.98973909 2 6 3
-691.18937967 2 6 1
-691.44559292 2 0 6
-691.55140564 1 0
-691.95365650 2 1 5
-691.97618473 2 5 3
-692.03940885 2 0 5
-692.15775185 2 1 3
-692.52939082 2 0 3
-693.10818984 2 6 5
-694.01090659 3 1 5 3
-694.40476953 2 0 1
-695.49119366 3 6 1 5
-695.61979423 3 6 5 3
-695.77629509 3 6 1 3
-695.83092684 3 0 6 3
-696.25528700 3 0 6 1
-696.93261896 3 0 5 3
-696.96188568 3 0 1 5
-697.11456252 3 0 1 3
-698.66678306 3 0 6 5
5 64
-4.55964021 2 1 3
-5.23822796 3 0 1 3
-6.09063285 3 6 1 3
-6.33370144 3 2 1 3
-6.38026450 3 1 7 3
-6.41279494 3 4 1 3
-46.96479026 2 6 3
-47.27235961 3 0 6 3
-50.91638201 3 2 6 3
-51.11919786 3 6 7 3
-51.59484540 3 4 6 3
-73.77467021 1 3
-74.43165121 2 0 3
-74.86508868 2 2 3
-75.52207794 3 0 2 3
-76.14181716 2 7 3
-76.54491189 2 4 3
-77.68135284 3 2 7 3
-78.04675169 3 0 7 3
-78.83487936 3 0 4 3
-81.15781175 3 2 4 3
-82.57731618 3 4 7 3
-93.51198787 3 6 1 7
-93.98529044 3 2 6 1
-96.64625655 2 6 1
-98.93882782 3 0 6 1
-100.94807054 3 4 6 1
-104.81942421 2 2 6
-106.96330586 3 0 2 6
-107.22245410 2 6 7
-108.80268262 1 6
-110.16183891 3 2 6 7
-110.46544555 2 0 6
-110.99096052 3 0 6 7
-114.05466448 2 4 6
-114.18862206 3 4 6 7
-115.19030876 3 2 6 4
-117.68663569 3 0 4 6
-195.20331042 3 2 1 7
-200.73513249 2 2 1
-201.97924271 2 1 7
-203.08778278 3 0 2 1
-204.26811374 3 2 4 1
-204.56880697 3 0 1 7
-205.05070713 3 4 1 7
-217.35348434 1 1
-218.53766979 2 0 1
-218.59423590 2 4 1
-221.09478593 3 0 4 1
-227.67938077 2 2 7
-229.08624958 3 2 4 7
-231.61258991 3 0 2 7
-235.24206015 1 2
-236.35413836 2 0 2
-237.84129328 2 4 7
-237.89397829 1 7
-240.33931691 2 2 4
-241.06992164 2 0 7
-243.15123571 3 0 2 4
-243.40776102 3 0 4 7
-253.73933794 1 4
-254.72494396 0 
-256.52751295 1 0
-257.01551617 2 0 4
6 64
-224.68287683 1 5
-226.46146920 2 0 5
-227.13505508 2 5 3
-227.18456248 2 1 5
-227.78898155 2 1 3
-228.20164817 2 2 5
-229.31997419 3 1 5 3
-229.41014254 2 4 5
-229.52613729 3 0 5 3
-229.57971284 3 0 1 5
-230.14170782 2 5 7
-230.18115160 3 0 1 3
-230.72209965 3 4 1 5
-230.77866458 3 4 5 3
-231.29306810 3 0 2 5
-231.40752479 3 4 1 3
-232.20890007 3 1 5 7
-232.24796189 3 5 7 3
-232.50167243 3 2 5 3
-232.56964346 3 2 1 5
-232.89432521 3 1 7 3
-233.08884340 3 0 4 5
-233.15192805 3 2 1 3
-233.87912486 3 0 5 7
-238.09417532 3 4 5 7
-239.09510769 3 2 4 5
-239.52905031 3 2 5 7
-253.94493504 1 3
-255.72873108 2 4 3
-256.45037910 2 2 3
-256.68542889 2 0 3
-257.27058119 2 7 3
-259.95574002 3 0 2 3
-259.98696491 3 0 4 3
-261.06977306 3 0 7 3
-263.80335985 3 2 4 3
-264.28178113 3 4 7 3
-265.47673692 3 2 7 3
-339.31948550 2 2 1
-340.14418629 3 2 1 7
-340.67615491 2 1 7
-341.87706920 3 0 2 1
-343.48167475 3 0 1 7
-345.13190105 3 4 1 7
-347.31220083 3 2 4 1
-347.89179027 1 1
-348.36826501 2 4 1
-349.17855481 2 0 1
-351.02907228 3 0 4 1
-357.04659217 2 2 7
-358.62428412 1 2
-360.68390060 2 0 2
-360.81323202 1 7
-361.48644486 3 0 2 7
-361.74684654 2 4 7
-363.95456897 3 2 4 7
-363.95808597 2 0 7
-364.24411584 2 2 4
-367.29571636 3 0 4 7
-368.92892253 3 0 2 4
-369.09481600 1 4
-370.60513817 0 
-372.41772388 2 0 4
-372.52353660 1 0
7 64
-407.49985618 2 4 5
-407.57156038 2 4 3
-412.61174762 3 0 4 3
-412.83658471 3 0 4 5
-413.60396467 3 4 5 3
-413.79977841 3 4 1 5
-414.20010211 3 4 1 3
-416.04993138 2 4 6
-416.12461043 3 4 6 3
-416.18388896 3 4 6 5
-419.53018578 3 2 4 3
-419.73730401 3 2 4 5
-421.32233233 3 0 4 6
-423.39790084 1 4
-424.10694322 3 4 6 1
-426.44433986 2 0 4
-427.34330718 2 4 1
-430.70082446 3 2 6 4
-430.99037133 2 2 4
-432.35833978 3 0 4 1
-436.80034422 3 2 4 1
-438.57273699 3 0 2 4
-661.42710322 2 2 3
-661.66287526 2 2 5
-664.24336738 3 2 5 3
-664.75724178 3 2 1 5
-664.75724178 3 2 1 3
-667.64786270 2 2 6
-667.71578162 1 3
-667.77829785 1 5
-668.91179070 3 0 2 3
-669.22555465 1 2
-669.33614243 3 0 2 5
-670.08292857 2 5 3
-670.28906385 2 2 1
-670.36954847 2 1 5
-670.45346105 3 2 6 3
-670.57364383 2 1 3
-671.04142778 2 6 3
-671.11376464 3 2 6 1
-671.22356937 2 0 3
-671.49212369 2 0 5
-672.39426812 3 1 5 3
-672.99027739 3 2 6 5
-673.23712884 2 6 5
-674.07769088 2 0 2
-674.81735737 1 6
-674.83866985 3 0 5 3
-674.88023513 3 0 2 6
-675.17758727 3 0 1 5
-675.19583538 3 6 5 3
-675.33026411 3 0 1 3
-675.39388606 3 6 1 5
-675.60791355 3 0 6 3
-675.67898749 3 6 1 3
-677.43403454 3 0 2 1
-678.38426438 2 0 6
-678.52815474 2 6 1
-678.90977935 3 0 6 5
-683.44957002 3 0 6 1
-684.60926352 0 
-685.74379010 1 1
-686.94971501 1 0
-689.14645009 2 0 1
