8
0 64
-50.27942216 0 
-51.04524966 1 5
-51.11711949 1 3
-51.17148371 1 1
-51.65240802 3 5 3 1
-51.68790155 2 5 3
-51.68790155 2 5 1
-51.68790155 2 3 1
-52.07918386 1 4
-52.11766042 1 2
-52.17855912 1 6
-52.50628152 1 7
-53.34607545 2 6 1
-53.37409071 2 5 6
-53.58948591 2 6 3
-53.69403825 2 3 2
-53.70533727 2 5 2
-53.94132866 2 5 4
-54.01934601 2 4 3
-54.13953561 2 4 1
-54.16634073 2 2 1
-54.28885396 2 4 6
-54.31925491 2 5 7
-54.40143648 2 3 7
-54.52712431 2 1 7
-54.74975497 2 6 7
-54.79061549 3 6 3 1
-54.79061549 3 5 6 1
-54.79061549 3 5 3 6
-55.35685600 2 4 7
-55.60331102 2 6 2
-55.68335011 3 5 3 2
-55.68335011 3 5 2 1
-55.68335011 3 3 2 1
-55.91131377 3 5 4 3
-55.91131377 3 5 4 1
-55.91131377 3 4 3 1
-56.29768732 3 5 3 7
-56.29768732 3 5 1 7
-56.29768732 3 1 3 7
-56.52748609 2 4 2
-56.76416186 3 4 6 1
-56.93886218 3 5 4 6
-57.07888008 2 2 7
-57.13554703 3 6 4 3
-57.26057493 3 1 6 7
-57.73001297 3 5 6 7
-57.75057416 3 5 6 2
-57.82982943 3 6 3 7
-57.94551195 3 6 3 2
-58.12936221 3 6 2 1
-58.99519941 3 4 6 2
-59.14707900 3 5 4 7
-59.18698048 3 4 3 7
-59.25459365 3 4 1 7
-59.73015384 3 4 6 7
-60.41320943 3 3 2 7
-60.56664573 3 4 3 2
-60.60308042 3 5 4 2
-61.03796392 3 5 2 7
-61.05640093 3 4 2 1
-61.58311517 3 1 2 7
-61.76433688 3 6 2 7
-62.67131492 3 4 2 7
1 64
-3.85431054 3 5 0 3
-3.88980406 2 5 3
-4.66750892 3 5 3 6
-5.62775184 3 5 3 2
-5.68991116 3 5 3 7
-5.74548971 3 5 4 3
-38.81086225 2 5 2
-40.15540516 2 6 3
-40.70273652 1 5
-40.78887509 3 5 0 2
-41.34538841 2 5 0
-41.35653475 3 6 0 3
-41.61373329 3 5 6 2
-42.09814944 2 5 6
-42.85870324 3 6 3 7
-43.51467422 3 5 0 6
-44.04111808 2 5 7
-44.04175370 3 5 2 7
-44.15227427 2 5 4
-44.83967915 3 6 3 2
-45.04327864 3 6 4 3
-45.96551037 3 5 4 2
-46.01955049 3 5 0 7
-46.12225938 3 5 4 0
-46.78918370 3 5 6 7
-46.90916595 3 5 4 6
-48.11109866 1 6
-49.27861500 2 0 6
-50.41489828 3 5 4 7
-51.09746793 2 6 2
-51.28677118 2 6 7
-51.77765506 2 4 6
-53.62351913 3 0 6 2
-53.79759115 3 0 6 7
-54.25296295 3 4 0 6
-56.52635799 3 4 6 7
-57.60772736 3 6 2 7
-59.04010749 3 4 6 2
-72.54671479 1 7
-73.05460698 0 
-73.49731521 2 4 7
-73.66318677 1 3
-73.72959919 2 3 7
-73.94666853 1 0
-74.23396883 2 0 3
-74.56755758 2 0 7
-74.94266501 1 2
-75.39359546 1 4
-75.62585003 3 0 3 7
-76.18260424 2 3 2
-76.82526026 3 4 3 7
-76.99134533 2 0 2
-77.13121216 2 4 3
-77.31834792 2 2 7
-77.39505285 3 4 0 7
-77.45394721 2 4 0
-78.17191610 3 0 3 2
-79.02317991 3 4 0 3
-80.00559651 3 3 2 7
-80.36379938 2 4 2
-81.82258300 3 0 2 7
-82.43309492 3 4 2 7
-84.12741355 3 4 3 2
-84.89271422 3 4 0 2
2 64
-621.00256835 2 4 3
-626.18553365 2 5 4
-627.54986807 3 4 0 3
-627.99876975 3 5 4 3
-627.99876975 3 5 4 1
-627.99876975 3 4 3 1
-629.04462700 3 6 4 3
-631.47529878 3 4 3 7
-632.84728541 3 5 4 0
-634.80510632 3 5 4 6
-636.96487418 3 5 4 7
-637.14511704 2 4 6
-641.85146248 3 4 0 6
-644.40756947 3 4 6 1
-646.02539011 2 3 7
-650.69044135 3 4 6 7
-652.03716307 3 0 3 7
-652.30075181 2 5 7
-652.30138743 3 5 3 7
-652.30138743 3 5 1 7
-652.30138743 3 1 3 7
-653.14410781 1 4
-653.73576279 3 6 3 7
-655.41639692 1 3
-657.59241004 2 4 0
-657.93581438 2 5 1
-657.93581438 2 3 1
-657.93581438 2 5 3
-657.99331568 2 0 3
-658.03771706 2 6 3
-658.11431172 2 4 1
-659.01946083 3 5 0 7
-659.67376215 3 5 3 1
-659.82768865 1 5
-660.36201125 2 4 7
-660.95763855 3 5 6 7
-661.93126295 3 5 0 3
-661.93126295 3 5 0 1
-661.93126295 3 0 3 1
-662.39374311 3 6 0 3
-662.48777626 2 5 0
-662.48856395 2 6 7
-662.72199105 3 6 3 1
-662.72199105 3 5 6 1
-662.72199105 3 5 3 6
-663.20640720 2 5 6
-665.03117704 3 4 0 1
-667.58289065 3 5 0 6
-667.67647016 3 4 0 7
-668.80952013 3 1 6 7
-669.29779096 3 4 1 7
-669.50314587 3 0 6 7
-671.11913327 1 6
-674.10550254 2 6 1
-674.54388517 2 0 6
-674.63603117 1 7
-678.88878930 3 0 6 1
-679.20862973 2 0 7
-679.40766430 2 1 7
-686.46365516 3 1 0 7
-693.93631390 0 
-695.77455215 1 0
-695.82437193 1 1
-698.81922895 2 0 1
3 64
-3.85431054 3 5 0 1
-3.88980406 2 5 1
-4.66750892 3 5 6 1
-5.62775184 3 5 2 1
-5.68991116 3 5 1 7
-5.74548971 3 5 4 1
-38.81086225 2 5 2
-40.70273652 1 5
-40.78887509 3 5 0 2
-41.34538841 2 5 0
-41.61373329 3 5 6 2
-42.09814944 2 5 6
-43.51467422 3 5 0 6
-44.04111808 2 5 7
-44.04175370 3 5 2 7
-44.15227427 2 5 4
-45.96551037 3 5 4 2
-46.01955049 3 5 0 7
-46.12225938 3 5 4 0
-46.78918370 3 5 6 7
-46.90916595 3 5 4 6
-50.41489828 3 5 4 7
-87.94747406 3 6 2 1
-94.20526284 2 6 2
-95.49262514 3 6 2 7
-95.81735836 3 1 6 7
-96.54746377 3 0 6 2
-99.33098555 2 6 1
-100.77552559 3 0 6 1
-102.11776470 3 4 6 2
-103.48387833 3 4 6 1
-104.24542630 2 6 7
-107.28667905 1 6
-107.32550076 3 0 6 7
-108.69760584 2 0 6
-110.21825474 2 4 6
-112.84329245 3 4 6 7
-113.06494781 3 4 0 6
-202.12538587 2 2 7
-204.81263446 3 1 2 7
-205.04318032 3 4 2 7
-205.45971521 3 0 2 7
-210.96932298 1 2
-212.20926220 2 2 1
-212.54570081 2 0 2
-213.72627158 3 0 2 1
-216.37168426 2 4 2
-220.13529844 3 4 2 1
-220.41084390 3 4 0 2
-230.73602692 1 7
-231.91891132 2 1 7
-232.63118188 2 0 7
-233.68947433 3 1 0 7
-233.92989278 2 4 7
-237.25783783 3 4 1 7
-237.76001726 3 4 0 7
-248.51322372 1 4
-249.48923996 0 
-250.09781975 1 1
-250.25084042 2 4 1
-250.32693729 1 0
-250.45338587 2 4 0
-250.61423759 2 0 1
-252.02261857 3 4 0 1
4 64
-466.22894647 3 5 2 7
-467.37505746 2 2 7
-470.29285192 3 3 2 7
-472.48980447 3 1 2 7
-472.96749230 3 0 2 7
-473.21462891 3 6 2 7
-481.56482411 2 5 7
-481.64907738 1 7
-482.59967781 2 1 7
-484.49965187 2 0 7
-484.84294325 2 3 7
-485.01275151 2 6 7
-486.39264820 3 5 0 7
-487.32714714 3 1 0 7
-487.93860432 3 5 3 7
-487.93860432 3 5 1 7
-487.93860432 3 1 3 7
-489.62848725 3 0 3 7
-489.99315039 3 0 6 7
-490.25233832 3 1 6 7
-490.79066206 3 5 6 7
-493.61061766 3 6 3 7
-651.97940954 1 2
-656.38923520 2 0 2
-657.38177082 2 3 2
-657.40054390 2 2 1
-658.17193202 2 5 2
-659.25306154 2 6 2
-662.64494993 3 0 6 2
-664.25437830 3 0 3 2
-664.29060410 3 0 2 1
-665.06967517 3 5 0 2
-665.32658014 3 5 3 2
-665.32658014 3 5 2 1
-665.32658014 3 3 2 1
-667.16556340 3 6 3 2
-667.19570110 3 6 2 1
-667.83420955 3 5 6 2
-691.79559938 1 3
-691.81408702 1 5
-692.77161562 0 
-693.22707777 1 6
-694.57137732 1 0
-694.69782590 2 0 3
-694.71016601 2 5 0
-695.11060411 1 1
-695.26362477 2 3 1
-695.26362477 2 5 3
-695.26362477 2 5 1
-695.33737262 2 0 6
-696.15865347 2 6 3
-696.23551044 2 5 6
-696.89363417 2 6 1
-697.11931042 3 5 3 1
-698.07865601 2 0 1
-699.48703699 3 5 0 3
-699.48703699 3 5 0 1
-699.48703699 3 0 3 1
-699.70471459 3 6 0 3
-699.80028190 3 5 0 6
-700.31172058 3 0 6 1
-701.04652694 3 5 6 1
-701.04652694 3 6 3 1
-701.04652694 3 5 3 6
5 64
-3.85431054 3 0 3 1
-3.88980406 2 3 1
-4.66750892 3 6 3 1
-5.62775184 3 3 2 1
-5.68991116 3 1 3 7
-5.74548971 3 4 3 1
-40.15540516 2 6 3
-41.35653475 3 6 0 3
-42.85870324 3 6 3 7
-44.83967915 3 6 3 2
-45.04327864 3 6 4 3
-73.66318677 1 3
-73.72959919 2 3 7
-74.23396883 2 0 3
-75.62585003 3 0 3 7
-76.18260424 2 3 2
-76.82526026 3 4 3 7
-77.13121216 2 4 3
-78.17191610 3 0 3 2
-79.02317991 3 4 0 3
-80.00559651 3 3 2 7
-84.12741355 3 4 3 2
-87.94747406 3 6 2 1
-95.81735836 3 1 6 7
-97.43120870 2 6 2
-98.78402044 3 6 2 7
-99.33098555 2 6 1
-99.57847184 3 0 6 2
-100.31494584 2 6 7
-100.77552559 3 0 6 1
-103.29520385 3 0 6 7
-103.48387833 3 4 6 1
-105.34393477 1 6
-106.01235672 3 4 6 2
-106.09285639 3 4 6 7
-106.53946637 2 0 6
-108.35236744 2 4 6
-111.00237565 3 4 0 6
-204.81263446 3 1 2 7
-212.20926220 2 2 1
-213.72627158 3 0 2 1
-220.13529844 3 4 2 1
-231.91891132 2 1 7
-233.68947433 3 1 0 7
-236.94311769 3 4 2 7
-237.25783783 3 4 1 7
-238.08922868 2 2 7
-242.04831251 3 0 2 7
-248.34106497 1 2
-249.92874182 2 0 2
-250.09781975 1 1
-250.25084042 2 4 1
-250.61423759 2 0 1
-252.02261857 3 4 0 1
-254.53358745 2 4 2
-258.60918178 3 4 0 2
-260.34025476 2 4 7
-260.42450803 1 7
-262.23748142 2 0 7
-264.13047775 3 4 0 7
-281.49216161 1 4
-282.44969021 0 
-283.21551771 1 0
-283.35430640 2 4 0
6 64
-222.35651409 1 5
-223.75192702 2 5 3
-223.75192702 2 5 1
-223.75192702 2 3 1
-224.52963187 3 5 3 1
-224.68535514 2 5 0
-225.73523265 2 5 2
-226.77793751 2 5 4
-226.82746475 2 5 7
-226.85464096 3 5 0 3
-226.85464096 3 5 0 1
-226.85464096 3 0 3 1
-228.53810368 3 5 3 2
-228.53810368 3 5 2 1
-228.53810368 3 3 2 1
-229.53482919 3 5 4 1
-229.53482919 3 5 4 3
-229.53482919 3 4 3 1
-229.57553037 3 5 3 7
-229.57553037 3 5 1 7
-229.57553037 3 1 3 7
-229.77547103 3 5 4 0
-229.78046953 3 5 0 2
-230.23822281 3 5 0 7
-235.39751018 3 5 4 2
-235.48435148 3 5 2 7
-236.05330269 3 5 4 7
-257.25970863 1 3
-259.73207504 2 0 3
-259.88102877 2 3 2
-260.44642632 2 3 7
-261.62276271 2 4 3
-263.87481927 3 0 3 7
-264.13250247 3 0 3 2
-264.73896373 3 4 0 3
-268.15679899 3 3 2 7
-269.21410073 3 4 3 7
-269.66482135 3 4 3 2
-352.79989183 2 2 1
-355.07893916 3 1 2 7
-356.76291331 3 0 2 1
-362.59504903 3 4 2 1
-365.67708333 2 1 7
-368.41053396 3 1 0 7
-373.32974384 3 4 1 7
-374.51876122 1 1
-374.78955972 2 2 7
-376.30179128 2 4 1
-376.64508891 1 2
-376.69335296 2 0 1
-378.92641753 3 4 0 1
-379.47501652 3 0 2 7
-380.13073951 2 0 2
-380.62913117 3 4 2 7
-383.91874091 2 4 2
-386.38645423 3 4 0 2
-386.93702693 1 7
-389.18050038 2 0 7
-390.30070106 2 4 7
-394.67399891 3 4 0 7
-399.46226953 0 
-399.91773169 1 4
-401.36140649 1 0
-402.12740179 2 4 0
7 64
-457.57440968 2 5 4
-462.78016002 3 5 4 0
-463.83703369 3 5 4 3
-463.83703369 3 5 4 1
-463.83703369 3 4 3 1
-464.14298559 2 4 3
-466.84977485 3 5 4 6
-468.35375020 3 5 4 2
-469.10928590 2 4 6
-469.31062006 3 4 0 3
-471.73432361 3 6 4 3
-473.85798883 3 4 6 1
-474.55058578 3 4 0 6
-474.61571602 3 4 3 2
-476.83003627 2 4 1
-478.72631652 1 4
-481.94509430 3 4 0 1
-482.00398866 2 4 0
-482.65461022 3 4 6 2
-485.94421996 2 4 2
-488.01351550 3 4 2 1
-492.08804879 3 4 0 2
-660.29673574 2 5 2
-661.70463492 2 3 2
-665.52762719 3 5 3 2
-665.52762719 3 5 2 1
-665.52762719 3 3 2 1
-667.62936239 3 5 0 2
-667.82367258 1 5
-668.42380610 3 0 3 2
-668.69304284 2 6 2
-669.98040514 3 6 3 2
-670.04585457 3 5 6 2
-670.54857203 1 2
-671.09564172 1 3
-671.09767783 2 5 0
-671.16205414 2 5 3
-671.16205414 2 5 1
-671.16205414 2 3 1
-672.29462323 2 5 6
-672.92425494 2 2 1
-672.96216124 3 5 3 1
-674.28235941 2 6 3
-674.37995871 2 0 3
-674.85406871 3 0 6 2
-675.20330227 3 6 2 1
-675.50979170 2 0 2
-675.77183991 3 5 0 3
-675.77183991 3 5 0 1
-675.77183991 3 0 3 1
-676.65054550 3 5 0 6
-676.98565749 3 6 3 1
-676.98565749 3 5 6 1
-676.98565749 3 5 3 6
-677.32361216 1 6
-678.52270293 3 6 0 3
-679.89480801 2 0 6
-680.34102937 3 0 2 1
-680.49928468 2 6 1
-684.41378416 3 0 6 1
-689.34096257 1 1
-689.84885476 0 
-692.07571412 1 0
-692.69660317 2 0 1
