8
0 64
-59.68549301 0 
-60.12303136 1 6
-60.46077842 1 5
-60.52143701 1 3
-60.55587970 1 1
-60.72743866 2 6 1
-61.11367741 2 3 5
-61.11367741 2 3 1
-61.11367741 2 1 5
-61.12739364 3 3 1 5
-61.64722234 2 6 5
-61.65142279 2 3 6
-61.97458687 1 4
-62.06299945 1 7
-62.08265501 1 2
-62.35401474 3 6 1 5
-62.35401474 3 3 6 5
-62.35401474 3 3 6 1
-63.59504376 2 4 6
-63.67468760 2 7 6
-63.69880487 2 6 2
-63.90536928 2 4 5
-63.94278802 2 7 5
-63.95571911 2 3 2
-63.95758625 2 2 5
-63.96387586 2 3 4
-63.98841826 2 3 7
-64.02783725 2 4 1
-64.09804166 2 7 1
-64.13386111 2 2 1
-65.19986766 2 4 7
-65.52910348 3 4 6 1
-65.60382459 3 7 6 1
-65.63472041 3 6 2 1
-65.88900988 3 3 4 5
-65.88900988 3 4 1 5
-65.88900988 3 3 4 1
-65.94366794 3 7 1 5
-65.94366794 3 3 7 5
-65.94366794 3 3 7 1
-65.94800717 3 3 2 5
-65.94800717 3 3 2 1
-65.94800717 3 2 1 5
-66.39031293 3 4 6 5
-66.39626817 3 3 4 6
-66.44678816 3 3 6 2
-66.44835081 3 7 6 5
-66.44875245 3 3 7 6
-66.47222175 3 6 2 5
-67.02053434 2 7 2
-67.16981964 2 4 2
-68.79720861 3 4 7 6
-69.09366554 3 4 7 5
-69.10215061 3 4 7 1
-69.11149426 3 3 4 7
-71.10068637 3 7 2 6
-71.25255382 3 3 7 2
-71.29217189 3 7 2 5
-71.33452634 3 4 2 6
-71.54331666 3 7 2 1
-71.58054239 3 3 4 2
-71.58068429 3 4 2 5
-71.69382688 3 4 2 1
-72.13093480 3 2 4 7
1 64
-3.81985724 2 3 5
-3.83357347 3 3 0 5
-4.67241304 3 3 6 5
-5.60454975 3 3 2 5
-5.62016510 3 3 7 5
-5.67229123 3 3 4 5
-29.45504643 2 2 5
-30.63868740 2 3 6
-31.05287445 1 5
-31.34127935 3 3 0 6
-31.44546736 3 0 2 5
-31.70577343 2 0 5
-32.21467805 3 6 2 5
-32.37076576 2 6 5
-33.07755816 3 0 6 5
-33.44872077 3 3 7 6
-33.51570882 2 7 5
-34.02377602 2 4 5
-35.00594104 3 3 4 6
-35.13744057 3 3 6 2
-35.51658874 3 0 7 5
-35.90431856 1 6
-36.00741661 3 0 4 5
-36.03678690 3 7 2 5
-36.15103933 3 4 2 5
-36.19751916 3 7 6 5
-36.50872586 2 0 6
-36.69749413 3 4 6 5
-38.61400344 2 6 2
-39.29623916 2 7 6
-39.38529923 2 4 6
-40.49705158 3 4 7 5
-40.54991897 3 0 6 2
-41.22537615 3 0 7 6
-41.31935896 3 0 4 6
-45.48822549 3 4 2 6
-45.70898046 3 7 2 6
-45.95049948 3 4 7 6
-55.03857494 0 
-55.90524669 1 3
-55.90896163 1 0
-56.07160822 1 7
-56.49748708 2 3 0
-57.32653254 1 2
-57.37118295 1 4
-57.74777928 2 3 7
-58.10665044 2 0 7
-58.70703331 2 4 7
-59.27667907 2 3 2
-59.37773863 2 0 2
-59.41447468 2 3 4
-59.42443333 2 0 4
-59.70302896 3 3 0 7
-60.87678988 2 7 2
-61.26896714 3 3 0 2
-61.33960870 3 3 0 4
-61.87773935 2 4 2
-62.44878553 3 3 4 7
-62.60931625 3 0 4 7
-65.06695413 3 3 7 2
-65.39957220 3 0 7 2
-65.90119682 3 2 4 7
-66.29156620 3 3 4 2
-66.40174659 3 0 4 2
2 64
-641.33864855 2 3 4
-646.08847676 2 4 5
-648.21574008 3 3 4 5
-648.21574008 3 4 1 5
-648.21574008 3 3 4 1
-648.95531508 3 3 0 4
-649.89158036 3 3 4 6
-653.54685113 3 3 4 7
-653.76379177 3 0 4 5
-653.76665183 3 4 6 5
-654.14999683 1 4
-657.31291656 2 4 6
-657.74438467 3 4 7 5
-658.65655324 2 4 1
-658.81889999 2 4 7
-659.34522960 2 0 4
-663.41584282 3 4 6 1
-664.55640717 3 4 7 6
-664.55700090 2 3 7
-665.05239914 3 0 4 6
-665.74996712 3 0 4 7
-666.01306350 3 4 7 1
-666.32254286 3 0 4 1
-669.35509767 2 7 5
-671.82113646 3 3 0 7
-671.87617575 3 7 1 5
-671.87617575 3 3 7 5
-671.87617575 3 3 7 1
-672.39730685 3 3 7 6
-673.12328422 1 7
-676.70448154 3 0 7 5
-676.91477154 3 7 6 5
-677.23990045 1 3
-677.92846588 2 7 1
-678.08081912 2 0 7
-678.13116903 2 7 6
-680.61133283 2 3 5
-680.61133283 2 3 1
-680.61133283 2 1 5
-680.67418254 2 3 0
-680.71910355 2 3 6
-682.20916084 1 5
-682.39602534 3 3 1 5
-684.54391033 3 7 6 1
-685.21785672 3 3 6 5
-685.21785672 3 6 1 5
-685.21785672 3 3 6 1
-685.37374088 3 0 7 1
-685.37394443 2 6 5
-685.44566260 3 3 0 5
-685.44566260 3 3 0 1
-685.44566260 3 0 1 5
-685.51446892 3 3 0 6
-685.55716780 3 0 7 6
-685.70596866 2 0 5
-690.19894384 3 0 6 5
-695.73453595 1 6
-696.82509955 0 
-698.44422082 2 6 1
-699.11305714 1 1
-699.22226155 1 0
-699.31030946 2 0 6
-702.69103855 2 0 1
-703.35150257 3 0 6 1
3 64
-3.81985724 2 1 5
-3.83357347 3 0 1 5
-4.67241304 3 6 1 5
-5.60454975 3 2 1 5
-5.62016510 3 7 1 5
-5.67229123 3 4 1 5
-29.45504643 2 2 5
-31.05287445 1 5
-31.44546736 3 0 2 5
-31.70577343 2 0 5
-32.21467805 3 6 2 5
-32.37076576 2 6 5
-33.07755816 3 0 6 5
-33.51570882 2 7 5
-34.02377602 2 4 5
-35.51658874 3 0 7 5
-36.00741661 3 0 4 5
-36.03678690 3 7 2 5
-36.15103933 3 4 2 5
-36.19751916 3 7 6 5
-36.69749413 3 4 6 5
-40.49705158 3 4 7 5
-74.51765920 3 6 2 1
-77.19721326 3 7 6 1
-77.31086946 3 7 2 6
-77.99422206 2 6 2
-80.74220535 3 0 6 2
-83.04473165 2 7 6
-84.59402924 3 4 2 6
-85.81879650 3 0 7 6
-87.08388553 3 4 7 6
-87.63600724 3 4 6 1
-87.74402330 2 6 1
-89.37059937 3 0 6 1
-92.01536544 2 4 6
-93.00965446 1 6
-94.53804589 2 0 6
-94.81658985 3 0 4 6
-185.75665404 3 2 4 7
-185.84619465 2 7 2
-190.03635889 3 7 2 1
-190.07821412 3 0 7 2
-191.02870290 2 4 7
-194.41247797 1 7
-194.77045511 3 4 7 1
-194.94032950 3 0 4 7
-196.08864903 2 7 1
-196.33789678 2 0 7
-197.07755219 1 2
-197.93427530 3 0 7 1
-198.95061628 2 0 2
-199.02769872 2 2 1
-200.84184479 3 0 2 1
-202.85185651 2 4 2
-207.26257925 3 0 4 2
-207.26568335 3 4 2 1
-215.66320478 1 4
-216.66275129 0 
-217.49869529 1 0
-217.52942304 1 1
-217.65249377 2 0 4
-217.70649651 2 4 1
-218.08722074 2 0 1
-219.56766913 3 0 4 1
4 64
-414.44095292 3 7 2 5
-416.91369255 3 7 2 6
-417.32185268 3 3 7 2
-417.41139328 2 7 2
-422.43580022 3 7 2 1
-422.52179374 3 0 7 2
-426.05166593 2 7 5
-428.33200244 2 3 7
-430.48845442 2 7 6
-431.20254345 3 0 7 5
-431.71577752 1 7
-431.77815878 3 7 6 5
-433.03300869 3 7 1 5
-433.03300869 3 3 7 5
-433.03300869 3 3 7 1
-433.45507845 3 3 0 7
-434.35120261 2 7 1
-434.52760830 3 3 7 6
-434.85264573 2 0 7
-435.61097543 3 0 7 6
-437.14271474 3 7 6 1
-439.35531155 3 0 7 1
-644.03584175 1 2
-648.58704857 2 2 1
-649.12300637 2 0 2
-649.81014607 2 3 2
-650.12904029 2 2 5
-651.46639544 2 6 2
-656.14701434 3 0 2 1
-656.82503320 3 3 2 5
-656.82503320 3 3 2 1
-656.82503320 3 2 1 5
-657.32695848 3 6 2 5
-657.43496935 3 3 0 2
-657.75213834 3 0 2 5
-658.06620262 3 3 6 2
-658.34061750 3 6 2 1
-659.10211690 3 0 6 2
-685.71139796 1 3
-686.24972437 1 5
-686.71094447 0 
-688.89372581 2 3 6
-688.93425108 2 6 5
-689.00003833 1 0
-689.04355248 1 1
-689.15383680 2 3 0
-689.22062595 2 3 1
-689.22062595 2 1 5
-689.22062595 2 3 5
-689.69431523 2 0 5
-689.88801482 1 6
-691.07305994 3 3 1 5
-692.51551003 2 0 1
-693.26097944 3 3 6 5
-693.26097944 3 6 1 5
-693.26097944 3 3 6 1
-693.36002723 2 0 6
-693.36899550 2 6 1
-693.63857119 3 3 0 6
-693.67734167 3 0 6 5
-693.99595842 3 3 0 5
-693.99595842 3 3 0 1
-693.99595842 3 0 1 5
-698.17066032 3 0 6 1
5 64
-3.81985724 2 3 1
-3.83357347 3 3 0 1
-4.67241304 3 3 6 1
-5.60454975 3 3 2 1
-5.62016510 3 3 7 1
-5.67229123 3 3 4 1
-30.63868740 2 3 6
-31.34127935 3 3 0 6
-33.44872077 3 3 7 6
-35.00594104 3 3 4 6
-35.13744057 3 3 6 2
-55.90524669 1 3
-56.49748708 2 3 0
-57.74777928 2 3 7
-59.27667907 2 3 2
-59.41447468 2 3 4
-59.70302896 3 3 0 7
-61.26896714 3 3 0 2
-61.33960870 3 3 0 4
-62.44878553 3 3 4 7
-65.06695413 3 3 7 2
-66.29156620 3 3 4 2
-74.51765920 3 6 2 1
-77.19721326 3 7 6 1
-79.07953577 3 7 2 6
-80.29593326 2 7 6
-80.91698458 2 6 2
-81.58563762 3 4 7 6
-83.06959648 3 0 7 6
-83.69040146 3 0 6 2
-86.77754762 3 4 2 6
-87.63600724 3 4 6 1
-87.74402330 2 6 1
-89.37059937 3 0 6 1
-90.32381235 2 4 6
-91.27757610 1 6
-92.80176708 2 0 6
-93.11908152 3 0 4 6
-190.03635889 3 7 2 1
-194.77045511 3 4 7 1
-196.08864903 2 7 1
-197.93427530 3 0 7 1
-199.02769872 2 2 1
-200.84184479 3 0 2 1
-207.26568335 3 4 2 1
-211.90592151 3 2 4 7
-212.98043684 2 4 7
-214.87636188 2 7 2
-216.87423472 3 0 4 7
-217.52942304 1 1
-217.70649651 2 4 1
-218.08722074 2 0 1
-218.64454843 1 7
-219.14799942 3 0 7 2
-219.56766913 3 0 4 1
-220.52433700 2 0 7
-226.89918483 1 2
-228.77411606 2 0 2
-232.99238337 2 4 2
-237.40324803 3 0 4 2
-241.05390344 1 4
-241.51512354 0 
-242.29040895 1 0
-242.98468585 2 0 4
6 64
-189.37486262 1 5
-190.56130654 2 0 5
-190.69275394 2 3 5
-190.69275394 2 3 1
-190.69275394 2 1 5
-191.54530974 3 3 1 5
-191.93309127 3 3 0 5
-191.93309127 3 3 0 1
-191.93309127 3 0 1 5
-192.05938933 2 4 5
-192.53964621 2 2 5
-193.72717023 2 7 5
-194.54433297 3 0 4 5
-194.73310744 3 3 4 5
-194.73310744 3 4 1 5
-194.73310744 3 3 4 1
-195.05428172 3 0 2 5
-195.29927783 3 3 2 5
-195.29927783 3 3 2 1
-195.29927783 3 2 1 5
-196.23273302 3 0 7 5
-196.40898056 3 7 1 5
-196.40898056 3 3 7 5
-196.40898056 3 3 7 1
-199.45366308 3 4 7 5
-199.73756440 3 4 2 5
-201.28684410 3 7 2 5
-215.95931323 1 3
-217.08929901 2 3 0
-219.14164108 2 3 4
-219.43851634 2 3 2
-220.70803907 2 3 7
-221.57403339 3 3 0 4
-221.92958539 3 3 0 2
-223.16837326 3 3 0 7
-226.90364493 3 3 4 7
-227.69457288 3 3 4 2
-228.54834502 3 3 7 2
-315.30041633 2 7 1
-316.80619926 3 0 7 1
-318.09192846 3 4 7 1
-319.80931736 2 2 1
-320.47815368 1 1
-320.64971264 2 0 1
-321.31017666 3 0 2 1
-321.91586078 3 7 2 1
-324.80359670 2 4 1
-326.30486293 3 0 4 1
-329.56288628 3 4 2 1
-330.84846229 2 4 7
-332.07578539 1 7
-333.68747355 2 0 7
-334.44580324 3 0 4 7
-336.58596947 3 2 4 7
-337.08367020 2 7 2
-338.52184646 1 2
-339.61241006 0 
-340.04994841 1 0
-340.13799632 2 0 2
-341.16382223 3 0 7 2
-342.78948042 1 4
-344.40993731 2 0 4
-345.95240015 2 4 2
-350.11710685 3 0 4 2
7 64
-395.21152253 2 4 5
-398.65048724 2 3 4
-400.39981879 3 0 4 5
-401.68479809 3 3 4 5
-401.68479809 3 4 1 5
-401.68479809 3 3 4 1
-402.60579628 3 4 6 5
-403.79810565 3 3 0 4
-406.41249110 3 3 4 6
-406.86743043 3 4 2 5
-410.85868982 3 3 4 2
-411.34397101 2 4 6
-416.54613586 3 0 4 6
-417.90917125 3 4 6 1
-418.58746161 3 4 2 6
-423.28498913 1 4
-424.62083949 2 4 1
-426.51026992 2 0 4
-427.95389229 2 4 2
-429.69515285 3 0 4 1
-431.97734976 3 4 2 1
-432.91500745 3 0 4 2
-642.55551781 2 2 5
-643.34698322 2 3 2
-649.13725827 3 3 2 5
-649.13725827 3 3 2 1
-649.13725827 3 2 1 5
-649.89010345 3 0 2 5
-650.64381793 3 3 0 2
-651.30271570 3 6 2 5
-652.45681190 3 3 6 2
-653.14016450 2 6 2
-654.57834076 1 2
-655.40958097 1 5
-656.02988276 1 3
-657.87241535 2 3 5
-657.87241535 2 3 1
-657.87241535 2 1 5
-658.12859810 2 2 1
-658.89159057 2 0 5
-659.49686401 2 3 0
-659.51622009 2 0 2
-659.67272321 3 3 1 5
-659.76188858 2 6 5
-660.23514153 3 6 2 1
-660.54204600 3 0 6 2
-660.77860860 2 3 6
-662.70240588 3 3 0 5
-662.70240588 3 3 0 1
-662.70240588 3 0 1 5
-663.58864198 3 6 1 5
-663.58864198 3 3 6 5
-663.58864198 3 3 6 1
-664.56301705 3 0 6 5
-665.53805366 3 0 2 1
-665.57593826 3 3 0 6
-670.74353142 1 6
-674.13545202 2 6 1
-674.29518766 2 0 6
-678.28015609 0 
-679.01183794 3 0 6 1
-679.31318936 1 1
-680.65766252 1 0
-682.85535132 2 0 1
