8
0 64
-21.95305567 1 7
-22.11823482 2 5 7
-22.21650510 2 7 3
-22.25897177 1 4
-22.41380644 2 1 7
-22.72730597 2 7 6
-22.82667664 2 4 1
-22.88315787 3 7 5 1
-22.88315787 3 5 7 3
-22.88315787 3 1 7 3
-23.25431180 2 4 7
-23.33076688 3 1 7 6
-23.38899959 3 5 7 6
-23.39264468 3 7 3 6
-23.39511197 2 4 6
-23.50589811 0 
-23.60193778 2 4 3
-23.66045670 2 4 5
-23.82481320 3 4 1 7
-23.97478738 3 4 1 6
-24.24818052 1 1
-24.27576151 1 6
-24.31112241 3 4 5 1
-24.31112241 3 4 5 3
-24.31112241 3 4 1 3
-24.35159425 3 4 7 3
-24.35952592 3 4 5 7
-24.44239301 1 5
-24.44468390 1 3
-24.81261372 3 4 3 6
-24.82054539 3 4 5 6
-24.86352527 2 2 7
-24.89592765 1 2
-24.92811854 2 1 6
-25.07406475 2 3 6
-25.08197824 2 5 6
-25.14718232 2 2 4
-25.16669950 2 5 3
-25.16669950 2 5 1
-25.16669950 2 1 3
-25.36794180 3 5 1 3
-25.57670836 3 4 7 6
-25.92307315 3 5 3 6
-25.92307315 3 5 1 6
-25.92307315 3 1 3 6
-26.29470121 3 2 5 7
-26.34877891 3 2 7 3
-26.61189416 3 2 1 7
-26.71315062 2 2 1
-26.76871038 2 2 6
-26.78740469 2 2 3
-26.84866944 2 2 5
-26.99046480 3 2 1 4
-27.56398710 3 2 7 6
-28.09591076 3 2 7 4
-28.21725005 3 2 4 6
-28.26262077 3 2 4 3
-28.36174665 3 2 5 4
-28.68619209 3 2 1 6
-28.80832060 3 2 3 6
-28.83027523 3 2 5 3
-28.83027523 3 2 5 1
-28.83027523 3 2 1 3
-28.84525821 3 2 5 6
1 64
-3.31781494 2 5 3
-3.51905724 3 5 3 0
-3.61737055 3 5 3 6
-3.69263407 3 5 7 3
-4.47801712 3 4 5 3
-5.09677050 3 2 5 3
-11.24353656 2 4 5
-11.80379170 1 5
-11.89420227 3 4 5 0
-12.52809819 2 5 0
-12.72216171 2 5 6
-12.79690696 3 4 5 6
-12.83368326 3 4 5 7
-12.87221110 2 5 7
-12.92979418 2 2 5
-13.56325662 3 5 6 0
-13.63713415 3 5 7 0
-13.65636130 3 4 3 6
-13.69313760 3 4 7 3
-13.72819190 2 4 6
-13.74643854 2 4 7
-13.77885050 2 3 6
-13.82526919 3 7 3 6
-14.30786731 3 4 0 6
-14.31693993 3 4 0 7
-14.52526005 1 6
-14.54461140 3 5 7 6
-14.62785891 3 0 3 6
-14.68315383 3 2 5 4
-14.91139997 3 2 5 0
-14.93498244 3 4 7 6
-15.14118198 3 2 5 6
-15.17761707 2 0 6
-15.28759795 3 2 5 7
-15.52282681 2 7 6
-16.12628772 3 0 7 6
-17.10701756 2 2 6
-17.87217904 3 2 3 6
-17.87805827 3 2 7 4
-18.31095211 3 2 4 6
-18.41098214 1 7
-18.63977223 1 4
-18.75955770 2 7 3
-18.87173291 2 0 7
-19.02449927 3 2 0 6
-19.20747710 2 4 0
-19.25129908 0 
-19.42621047 3 0 7 3
-19.70745403 3 2 7 6
-19.99358149 1 0
-20.09005712 2 4 3
-20.17122805 1 3
-20.55275210 2 2 7
-20.79924175 3 4 0 3
-20.82785497 1 2
-20.89324365 2 0 3
-21.52287877 2 2 4
-22.26568730 3 2 7 3
-22.30112099 3 2 0 7
-22.64507793 2 2 0
-22.82960704 2 2 3
-23.36616125 3 2 0 4
-24.78895339 3 2 4 3
-24.87247758 3 2 0 3
2 64
-168.13951907 1 7
-168.95302304 1 4
-170.28128904 2 1 7
-170.41934459 2 7 3
-170.85507585 2 4 3
-171.04998868 2 0 7
-171.51008735 2 5 7
-171.83612958 2 4 1
-171.84123360 2 4 0
-172.11435485 2 4 5
-172.68113941 2 4 7
-173.92547419 3 7 5 1
-173.92547419 3 5 7 3
-173.92547419 3 1 7 3
-174.08103115 2 7 6
-174.47937676 3 7 0 1
-174.55161840 3 0 7 3
-174.84755606 2 4 6
-175.17263625 1 3
-175.51575884 3 4 0 3
-175.55397212 3 4 5 3
-175.55397212 3 4 1 3
-175.55397212 3 4 5 1
-175.68655373 3 5 7 0
-175.99991774 3 4 0 1
-176.00191818 3 7 3 6
-176.20231042 0 
-176.70501276 1 5
-176.81275914 3 4 1 7
-176.81564480 3 4 5 0
-177.51535704 2 0 3
-177.52273836 3 4 0 7
-177.59233996 1 0
-177.63326887 3 5 7 6
-177.76862968 3 4 3 6
-177.77886631 1 1
-177.83101524 2 5 3
-177.83101524 2 5 1
-177.83101524 2 1 3
-178.16070150 2 3 6
-178.26565837 3 1 7 6
-178.44892367 3 4 7 3
-178.87073485 3 4 5 6
-178.91771228 3 0 7 6
-179.07463405 1 6
-179.11128919 2 5 0
-179.32595598 3 4 5 7
-179.43031627 3 4 1 6
-179.60997080 3 5 1 3
-179.66969414 3 4 0 6
-179.83500977 2 5 6
-180.24383641 2 0 1
-181.49459097 3 5 3 0
-181.49459097 3 5 1 0
-181.49459097 3 0 1 3
-181.56758291 2 0 6
-181.65639156 2 1 6
-181.89495736 3 0 3 6
-182.25403005 3 5 3 6
-182.25403005 3 5 1 6
-182.25403005 3 1 3 6
-183.59828974 3 5 6 0
-184.47235795 3 4 7 6
-185.41446511 3 0 1 6
3 64
-3.31781494 2 5 1
-3.51905724 3 5 1 0
-3.61737055 3 5 1 6
-3.69263407 3 7 5 1
-4.47801712 3 4 5 1
-5.09677050 3 2 5 1
-11.24353656 2 4 5
-11.80379170 1 5
-11.89420227 3 4 5 0
-12.52809819 2 5 0
-12.72216171 2 5 6
-12.79690696 3 4 5 6
-12.83368326 3 4 5 7
-12.87221110 2 5 7
-12.92979418 2 2 5
-13.56325662 3 5 6 0
-13.63713415 3 5 7 0
-14.54461140 3 5 7 6
-14.68315383 3 2 5 4
-14.91139997 3 2 5 0
-15.14118198 3 2 5 6
-15.28759795 3 2 5 7
-22.89035548 3 1 7 6
-24.58791310 2 7 6
-25.25325181 3 0 7 6
-26.50880013 3 2 7 6
-26.73303201 2 2 6
-26.90055501 2 1 6
-27.49819349 3 2 1 6
-27.64696455 1 6
-27.89550962 3 0 1 6
-28.44526779 2 0 6
-28.77264224 3 2 0 6
-29.63442057 3 4 7 6
-30.96861319 3 4 1 6
-31.04044379 2 4 6
-32.45794554 3 4 0 6
-33.96151740 3 2 4 6
-45.52017073 1 7
-45.66655681 3 4 1 7
-45.71985775 2 4 7
-45.78362015 2 0 7
-45.86874629 2 1 7
-46.33809772 3 7 0 1
-46.81714019 3 4 0 7
-47.79999624 2 2 7
-49.28524988 3 2 0 7
-49.51293144 3 2 1 7
-51.48764201 3 2 7 4
-53.05119518 1 2
-54.08086935 0 
-54.94267221 2 2 0
-55.00079832 1 1
-55.01965513 1 0
-55.05294725 2 2 1
-55.91931730 2 0 1
-56.20479891 1 4
-57.17007186 3 2 0 1
-57.54776492 2 4 0
-57.65508379 2 4 1
-58.10685171 2 2 4
-59.13952957 3 4 0 1
-61.22229016 3 2 0 4
-61.37292634 3 2 1 4
4 64
-108.75682005 3 7 5 1
-108.75682005 3 5 7 3
-108.75682005 3 1 7 3
-108.79534790 2 5 7
-108.95900953 2 1 7
-110.37001629 3 7 0 1
-111.03663899 3 5 7 0
-112.33521729 3 1 7 6
-112.92306166 2 7 6
-113.62355313 1 7
-113.82324016 2 7 3
-114.92480926 2 0 7
-115.21390459 3 5 7 6
-115.49047963 3 2 1 7
-115.77246405 3 0 7 6
-115.95832930 3 0 7 3
-116.61121653 3 2 5 7
-117.96956913 3 7 3 6
-118.16517347 2 2 7
-121.39755895 3 2 0 7
-121.85281923 3 2 7 3
-123.31438846 3 2 7 6
-169.02502957 1 2
-169.27628424 2 2 0
-169.72005337 2 2 1
-169.99736755 3 2 0 1
-174.08068611 2 2 3
-174.24128622 2 0 1
-174.28667281 2 2 5
-174.57732415 2 2 6
-175.02739061 1 0
-175.55590219 3 2 0 3
-175.66279010 1 1
-175.78125870 3 2 1 6
-175.79975002 3 2 5 0
-176.02586381 3 2 0 6
-176.04003246 3 2 5 3
-176.04003246 3 2 1 3
-176.04003246 3 2 5 1
-176.27431695 0 
-177.05400282 3 0 1 6
-177.46149849 3 5 1 0
-177.46149849 3 5 3 0
-177.46149849 3 0 1 3
-177.55550039 2 0 3
-177.92375258 2 0 6
-178.00733398 2 1 6
-178.09539440 2 5 0
-178.31707557 2 5 3
-178.31707557 2 5 1
-178.31707557 2 1 3
-178.39824651 1 3
-178.80440213 1 6
-178.87733072 1 5
-179.47727776 3 5 1 3
-181.03637200 3 2 5 6
-181.73921406 3 5 6 0
-181.80580954 3 2 3 6
-181.93643033 3 0 3 6
-182.00064692 2 5 6
-182.07539216 3 5 3 6
-182.07539216 3 5 1 6
-182.07539216 3 1 3 6
-182.19788136 2 3 6
5 64
-3.31781494 2 1 3
-3.51905724 3 0 1 3
-3.61737055 3 1 3 6
-3.69263407 3 1 7 3
-4.47801712 3 4 1 3
-5.09677050 3 2 1 3
-13.65636130 3 4 3 6
-13.69313760 3 4 7 3
-13.77885050 2 3 6
-13.82526919 3 7 3 6
-14.62785891 3 0 3 6
-17.87217904 3 2 3 6
-18.75955770 2 7 3
-19.42621047 3 0 7 3
-20.09005712 2 4 3
-20.17122805 1 3
-20.79924175 3 4 0 3
-20.89324365 2 0 3
-22.26568730 3 2 7 3
-22.82960704 2 2 3
-22.89035548 3 1 7 6
-23.86857088 2 7 6
-24.53026451 3 0 7 6
-24.78895339 3 2 4 3
-24.87247758 3 2 0 3
-26.15941382 3 4 7 6
-26.90055501 2 1 6
-27.42080861 3 2 7 6
-27.49819349 3 2 1 6
-27.89550962 3 0 1 6
-28.70365334 1 6
-29.46402907 2 2 6
-29.50987007 2 0 6
-30.96861319 3 4 1 6
-31.54057690 3 2 0 6
-31.89989813 2 4 6
-33.32533155 3 4 0 6
-35.92307692 3 2 4 6
-45.66655681 3 4 1 7
-45.86874629 2 1 7
-46.33809772 3 7 0 1
-46.57931209 2 4 7
-47.68452621 3 4 0 7
-49.51293144 3 2 1 7
-51.40751733 1 7
-51.57269648 2 0 7
-53.22412867 3 2 7 4
-54.77808560 2 2 7
-55.00079832 1 1
-55.05294725 2 2 1
-55.91931730 2 0 1
-56.20926153 3 2 0 7
-57.17007186 3 2 0 1
-57.65508379 2 4 1
-59.13952957 3 4 0 1
-61.37292634 3 2 1 4
-62.44830570 0 
-62.95100804 1 2
-63.38480060 1 0
-64.90374983 2 2 0
-65.05131946 1 4
-66.45280440 2 4 0
-68.21265127 2 2 4
-71.42721560 3 2 0 4
6 64
-70.48445827 1 5
-71.12404350 2 5 0
-71.40282828 2 5 3
-71.40282828 2 5 1
-71.40282828 2 1 3
-71.70238389 3 5 1 3
-72.15920194 3 5 3 0
-72.15920194 3 5 1 0
-72.15920194 3 0 1 3
-73.04697057 2 5 7
-73.60777448 2 4 5
-73.61445529 2 2 5
-74.31773534 3 5 7 0
-74.71937087 3 7 5 1
-74.71937087 3 5 7 3
-74.71937087 3 1 7 3
-74.76786316 3 4 5 0
-75.16114487 3 4 5 3
-75.16114487 3 4 5 1
-75.16114487 3 4 1 3
-75.61104406 3 2 5 0
-75.82584309 3 2 5 3
-75.82584309 3 2 5 1
-75.82584309 3 2 1 3
-77.79520583 1 3
-78.42458668 2 0 3
-79.17015209 3 2 5 7
-79.46552727 3 4 5 7
-79.65365938 2 7 3
-80.36415448 3 2 5 4
-80.78327109 2 2 3
-80.82979897 3 0 7 3
-81.59484068 2 4 3
-82.80418700 3 2 0 3
-82.80551663 3 4 0 3
-83.79998836 3 4 7 3
-85.23623297 3 2 7 3
-88.50839452 3 2 4 3
-97.69776168 2 1 7
-98.61472212 3 7 0 1
-99.50307159 1 1
-99.88542554 2 4 7
-100.18300961 2 0 1
-100.58591701 1 7
-101.07396944 3 4 1 7
-101.36016731 2 0 7
-101.84761547 2 4 1
-102.20782209 3 4 0 7
-102.99572622 3 4 0 1
-103.38059684 2 2 1
-104.22911063 0 
-104.99897403 1 0
-105.35363832 3 2 0 1
-105.68213101 3 2 1 7
-106.52742908 2 2 7
-106.75919581 1 4
-107.10143426 1 2
-107.89533601 2 4 0
-108.97421698 2 2 0
-109.22789091 3 2 0 7
-109.44180217 3 2 1 4
-111.67664408 3 2 7 4
-112.65372883 2 2 4
-115.72379655 3 2 0 4
7 64
-94.50298820 2 4 5
-95.20205741 3 4 5 0
-96.09313490 3 4 5 3
-96.09313490 3 4 5 1
-96.09313490 3 4 1 3
-100.36074099 3 4 5 6
-101.71458933 3 2 5 4
-102.49005441 2 4 3
-103.23971088 3 4 0 3
-104.69520209 3 4 3 6
-106.10122530 2 4 6
-107.30801584 3 4 1 6
-108.08166188 2 4 1
-108.28282169 3 4 0 6
-109.07979844 3 4 0 1
-110.08390223 3 2 4 3
-112.97499557 1 4
-113.05829143 3 2 1 4
-113.97033561 2 4 0
-115.72602718 3 2 4 6
-116.70311194 2 2 4
-119.65184037 3 2 0 4
-158.83607737 3 2 5 0
-159.39004561 2 2 5
-161.74784937 3 2 5 3
-161.74784937 3 2 5 1
-161.74784937 3 2 1 3
-161.87314333 3 2 0 3
-162.26081282 2 5 0
-162.31176911 2 2 3
-163.36984879 3 5 3 0
-163.36984879 3 5 1 0
-163.36984879 3 0 1 3
-164.58497102 1 5
-164.83688197 2 0 3
-164.94574241 3 2 5 6
-165.45450467 3 5 6 0
-165.65339042 2 5 3
-165.65339042 2 5 1
-165.65339042 2 1 3
-166.02820955 3 5 1 3
-166.76473099 3 2 3 6
-166.98896287 2 2 6
-167.06506077 1 3
-167.14748332 2 5 6
-167.18660872 3 2 0 1
-167.24209425 3 0 3 6
-167.28786517 2 2 1
-167.53056566 2 2 0
-167.56296804 1 2
-167.78423960 3 2 0 6
-168.92351432 2 3 6
-168.96993301 3 5 3 6
-168.96993301 3 5 1 6
-168.96993301 3 1 3 6
-169.58939934 3 2 1 6
-170.43411023 2 0 6
-171.38278088 3 0 1 6
-171.98256577 1 6
-172.95106836 2 0 1
-172.98013253 2 1 6
-174.07291695 1 0
-174.78544245 1 1
-175.62575939 0 
