8
0 64
-18.91619441 1 2
-19.25129908 0 
-19.99358149 1 1
-20.14271217 2 1 2
-20.14430803 1 6
-20.15654567 1 3
-20.17957803 1 5
-20.26814785 2 3 2
-20.40472246 2 5 2
-20.46039559 2 6 2
-20.65628437 1 4
-20.74992200 1 7
-20.80986050 2 1 6
-20.89873228 2 3 5
-20.89873228 2 3 1
-20.89873228 2 1 5
-20.95995405 2 4 2
-21.07139021 3 3 1 5
-21.17687651 2 7 2
-21.57433672 2 3 6
-21.58741717 2 6 5
-21.72767834 3 3 5 2
-21.72767834 3 3 1 2
-21.72767834 3 1 5 2
-21.76301948 3 1 6 2
-21.88176023 2 7 1
-22.44240076 3 3 6 5
-22.44240076 3 3 1 6
-22.44240076 3 1 6 5
-22.47646466 2 1 4
-22.47983236 3 3 6 2
-22.52504400 2 7 5
-22.54777661 3 6 5 2
-22.56629852 2 3 7
-22.57317826 2 7 4
-22.65685393 2 3 4
-22.69296118 2 6 4
-22.70202004 2 5 4
-22.71645400 2 7 6
-22.95634012 3 7 1 2
-23.40566947 3 1 4 2
-23.59289355 3 3 4 2
-23.73381301 3 3 7 2
-23.73911071 3 7 5 2
-23.95367121 3 7 1 5
-23.95367121 3 3 7 5
-23.95367121 3 3 7 1
-23.98227421 3 7 1 6
-24.21775820 3 7 4 2
-24.30374654 3 5 4 2
-24.41103522 3 6 4 2
-24.45074868 3 7 1 4
-24.60452299 3 7 6 2
-24.62812982 3 1 6 4
-24.68388460 3 5 1 4
-24.68388460 3 3 5 4
-24.68388460 3 3 1 4
-25.12988945 3 3 7 4
-25.15145999 3 5 7 4
-25.35095029 3 7 6 5
-25.36614292 3 3 7 6
-25.40920746 3 3 6 4
-25.42799417 3 5 6 4
-25.95367259 3 7 6 4
1 64
-3.33613961 2 3 5
-3.50879754 3 3 5 0
-4.30003137 3 3 6 5
-4.38945629 3 3 7 5
-5.08986454 3 3 5 2
-5.14586331 3 3 5 4
-12.81125742 1 5
-13.53041167 2 5 0
-14.06472200 2 5 2
-14.08678972 2 6 5
-14.26499100 2 7 5
-14.31839301 3 3 7 6
-14.72021145 2 5 4
-14.94177330 3 6 5 0
-15.38767788 3 2 5 0
-15.51427003 2 3 6
-15.55036636 3 5 4 2
-15.69361822 3 7 5 0
-15.80790728 2 7 6
-15.93767507 1 6
-16.24381805 3 7 6 5
-16.38233407 3 3 6 0
-16.60322754 2 6 0
-16.70207600 3 5 4 0
-16.77089315 3 6 5 2
-16.94968180 3 7 5 2
-17.04335349 3 5 7 4
-17.07372748 3 7 6 0
-17.46118723 3 5 6 4
-18.57091236 2 6 2
-18.59868784 2 6 4
-19.45379864 3 7 6 4
-19.52549328 3 7 6 2
-19.63883558 3 3 6 4
-19.67532680 3 3 6 2
-19.87353625 3 2 6 0
-20.53385648 3 6 4 0
-21.88144794 1 7
-22.14839128 2 7 4
-22.31248187 3 6 4 2
-22.91765547 2 3 7
-23.01328617 2 7 0
-23.50589811 0 
-24.02596170 3 7 4 0
-24.24818052 1 0
-24.30502817 3 3 7 0
-24.42182904 3 3 7 4
-24.43853946 1 3
-24.91748001 2 7 2
-25.10667974 1 4
-25.18072607 2 3 0
-25.42308015 1 2
-26.48049070 3 7 4 2
-26.64959791 2 2 0
-26.69694362 3 7 2 0
-26.92686003 2 4 0
-27.07400145 2 4 2
-27.17613530 2 3 4
-27.23007764 3 3 7 2
-27.33484455 2 3 2
-28.79437504 3 3 2 0
-29.20316598 3 3 4 0
-29.51971687 3 2 4 0
-30.24858098 3 3 4 2
2 64
-168.15000286 2 3 4
-169.08604249 3 3 4 0
-169.76462515 1 4
-170.06829483 2 4 0
-170.39229362 2 5 4
-171.22244853 3 3 5 4
-171.22244853 3 5 1 4
-171.22244853 3 3 1 4
-171.42662335 2 6 4
-171.53669632 1 7
-171.56369730 2 3 7
-171.73194686 2 1 4
-171.87415950 1 3
-171.96365083 2 7 0
-171.98576167 2 3 0
-171.99402012 3 5 4 0
-172.66115167 3 1 4 0
-172.73121179 3 3 7 0
-173.14469740 3 6 4 0
-173.19142867 2 7 5
-173.51700001 1 5
-173.74214444 2 5 0
-174.17848594 1 6
-174.40549539 3 7 5 0
-174.49457350 2 6 0
-174.57272839 2 7 1
-174.61135283 2 7 4
-174.65914645 3 3 6 4
-174.77046459 2 3 5
-174.77046459 2 3 1
-174.77046459 2 1 5
-174.78544245 1 0
-174.79075452 2 7 6
-175.12054712 0 
-175.14041738 3 1 6 4
-175.23075881 2 3 6
-175.59941065 3 3 5 0
-175.59941065 3 3 1 0
-175.59941065 3 1 5 0
-175.64730828 3 7 1 0
-175.87611947 3 7 1 5
-175.87611947 3 3 7 5
-175.87611947 3 3 7 1
-176.13625445 3 3 6 0
-176.25593278 3 7 4 0
-176.33145345 3 3 7 4
-176.52418952 3 3 1 5
-176.67882350 3 7 6 0
-176.70771214 2 6 5
-176.81172324 2 1 6
-177.03772916 1 1
-177.18685984 2 1 0
-177.27627096 3 5 6 4
-177.66807158 3 6 5 0
-177.76488221 3 1 6 0
-178.50834052 3 7 1 6
-178.94345225 3 7 1 4
-178.97011017 3 3 7 6
-179.39181558 3 3 1 6
-179.39181558 3 1 6 5
-179.39181558 3 3 6 5
-179.42378176 3 5 7 4
-179.62782549 3 7 6 5
-183.70022432 3 7 6 4
3 64
-3.33613961 2 1 5
-3.50879754 3 1 5 0
-4.30003137 3 1 6 5
-4.38945629 3 7 1 5
-5.08986454 3 1 5 2
-5.14586331 3 5 1 4
-12.81125742 1 5
-13.53041167 2 5 0
-14.06472200 2 5 2
-14.08678972 2 6 5
-14.26499100 2 7 5
-14.72021145 2 5 4
-14.94177330 3 6 5 0
-15.38767788 3 2 5 0
-15.55036636 3 5 4 2
-15.69361822 3 7 5 0
-16.24381805 3 7 6 5
-16.70207600 3 5 4 0
-16.77089315 3 6 5 2
-16.94968180 3 7 5 2
-17.04335349 3 5 7 4
-17.46118723 3 5 6 4
-28.43035335 3 7 1 6
-29.50084742 2 1 6
-29.91986762 2 7 6
-29.92425246 1 6
-30.97652533 2 6 2
-31.13338767 3 1 6 0
-31.35428115 2 6 0
-31.98193064 2 6 4
-32.08093976 3 1 6 2
-32.56955654 3 7 6 0
-32.99596209 3 2 6 0
-33.02207838 3 1 6 4
-34.09922328 3 7 6 2
-34.69817692 3 6 4 0
-35.21445374 3 6 4 2
-35.37118655 3 7 6 4
-44.85802047 1 2
-44.94347038 1 7
-44.97047136 2 7 2
-45.97967791 2 7 1
-46.20997391 2 2 0
-46.75984690 2 7 0
-46.76978487 2 1 2
-47.28306899 3 7 1 2
-47.52740786 3 7 2 0
-47.84063929 2 4 2
-48.05158889 3 7 1 0
-48.10440809 0 
-48.35475104 3 2 1 0
-48.67331357 2 7 4
-49.00965468 1 0
-49.03704944 1 1
-49.45526158 1 4
-49.94220023 2 1 0
-50.39341419 3 7 4 2
-50.47357879 3 2 4 0
-50.94675133 3 7 1 4
-51.01521882 3 1 4 2
-51.23002477 3 7 4 0
-51.45583113 2 4 0
-51.52471714 2 1 4
-53.73213708 3 1 4 0
4 64
-120.38321748 1 7
-120.65016082 2 7 1
-122.20647374 2 7 0
-122.83887175 2 7 5
-123.21914927 3 7 1 0
-123.45787399 2 7 2
-123.60262927 2 7 6
-124.11306068 2 3 7
-125.02088468 3 7 1 2
-125.46528774 3 7 5 0
-125.61723424 3 7 1 5
-125.61723424 3 3 7 5
-125.61723424 3 3 7 1
-126.49875569 3 7 2 0
-126.67665161 3 3 7 0
-126.83984786 3 7 6 0
-127.24852063 3 7 1 6
-128.88081682 3 3 7 2
-129.05394820 3 3 7 6
-129.07122483 3 7 5 2
-129.39854096 3 7 6 5
-132.51209907 3 7 6 2
-168.01918596 1 2
-169.67010726 2 1 2
-170.06294560 2 2 0
-171.00180477 2 3 2
-172.42989684 2 5 2
-172.93306456 3 2 1 0
-173.37510793 0 
-173.47471185 2 6 2
-173.91554120 3 3 5 2
-173.91554120 3 3 1 2
-173.91554120 3 1 5 2
-174.32655048 3 3 2 0
-174.72596141 1 3
-174.78009321 1 0
-174.97588955 1 1
-175.55460323 1 5
-176.22657444 1 6
-176.32892093 3 2 5 0
-177.21628135 3 1 6 2
-177.22626966 2 3 0
-177.42535148 3 2 6 0
-177.45877272 2 1 0
-177.46355726 2 3 5
-177.46355726 2 3 1
-177.46355726 2 1 5
-177.71264026 3 3 6 2
-178.07704524 2 5 0
-178.28425262 2 3 6
-178.77522758 2 6 0
-178.88758721 2 1 6
-179.03442065 2 6 5
-179.27328096 3 3 1 5
-179.60297948 3 6 5 2
-181.24870957 3 3 5 0
-181.24870957 3 3 1 0
-181.24870957 3 1 5 0
-182.11912336 3 3 6 0
-182.40881817 3 3 6 5
-182.40881817 3 3 1 6
-182.40881817 3 1 6 5
-182.70585653 3 1 6 0
-182.87499765 3 6 5 0
5 64
-3.33613961 2 3 1
-3.50879754 3 3 1 0
-4.30003137 3 3 1 6
-4.38945629 3 3 7 1
-5.08986454 3 3 1 2
-5.14586331 3 3 1 4
-14.31839301 3 3 7 6
-15.51427003 2 3 6
-16.38233407 3 3 6 0
-19.63883558 3 3 6 4
-19.67532680 3 3 6 2
-22.91765547 2 3 7
-24.30502817 3 3 7 0
-24.42182904 3 3 7 4
-24.43853946 1 3
-25.18072607 2 3 0
-27.17613530 2 3 4
-27.23007764 3 3 7 2
-27.33484455 2 3 2
-27.99444258 2 7 6
-28.43035335 3 7 1 6
-28.79437504 3 3 2 0
-29.20316598 3 3 4 0
-29.50084742 2 1 6
-30.24858098 3 3 4 2
-30.62893886 3 7 6 0
-31.13338767 3 1 6 0
-31.35173277 1 6
-32.08093976 3 1 6 2
-32.79484191 2 6 0
-32.83151355 3 7 6 2
-33.02207838 3 1 6 4
-33.79035427 3 7 6 4
-33.88095897 2 6 2
-34.15957899 2 6 4
-35.96833999 3 2 6 0
-36.89461198 3 6 4 0
-40.00922660 3 6 4 2
-45.97967791 2 7 1
-46.76978487 2 1 2
-47.28306899 3 7 1 2
-48.05158889 3 7 1 0
-48.35475104 3 2 1 0
-49.03704944 1 1
-49.94220023 2 1 0
-50.94675133 3 7 1 4
-51.01521882 3 1 4 2
-51.52471714 2 1 4
-53.59613485 1 7
-53.73213708 3 1 4 0
-55.25086721 2 7 2
-55.37125685 2 7 0
-56.05178912 2 7 4
-57.81310141 3 7 2 0
-58.12814302 1 2
-58.63007085 3 7 4 0
-59.61667107 2 2 0
-59.73169013 0 
-60.65996907 1 0
-60.86421804 3 7 4 2
-61.91118544 1 4
-62.53885391 2 4 2
-63.95692110 2 4 0
-65.88264640 3 2 4 0
6 64
-64.32821636 1 5
-65.60374866 2 3 5
-65.60374866 2 3 1
-65.60374866 2 1 5
-65.73605551 2 5 0
-66.56764042 3 3 1 5
-67.14741714 3 3 5 0
-67.14741714 3 3 1 0
-67.14741714 3 1 5 0
-67.51892849 2 5 2
-67.80803379 2 5 4
-68.16666294 2 7 5
-69.66198265 3 2 5 0
-70.14548999 3 7 1 5
-70.14548999 3 3 7 5
-70.14548999 3 3 7 1
-70.22509965 3 3 1 2
-70.22509965 3 1 5 2
-70.22509965 3 3 5 2
-70.53400792 3 5 4 0
-70.54900957 3 5 1 4
-70.54900957 3 3 5 4
-70.54900957 3 3 1 4
-70.99256923 3 7 5 0
-74.52801809 1 3
-74.60305976 3 7 5 2
-74.69201113 3 5 4 2
-74.72633215 3 5 7 4
-75.94580914 2 3 0
-77.88461740 2 3 2
-78.08630930 2 3 4
-78.74475246 2 3 7
-80.09630191 3 3 2 0
-80.83866283 3 3 4 0
-81.54459685 3 3 7 0
-83.68563998 3 3 7 4
-84.59545289 3 3 4 2
-84.91394476 2 1 2
-85.13995068 1 1
-85.95622969 2 1 0
-86.15116533 3 3 7 2
-86.53425207 3 2 1 0
-87.69481455 2 7 1
-89.05164834 2 1 4
-89.79532853 3 7 1 0
-91.20331349 3 1 4 0
-91.63042668 3 7 1 2
-91.76611254 1 2
-92.46011886 3 1 4 2
-92.70817372 0 
-93.31031373 2 2 0
-93.60118267 1 0
-93.76835521 1 7
-94.29317436 3 7 1 4
-95.55964024 1 4
-95.73488722 2 7 0
-96.98776700 2 7 4
-97.02241341 2 7 2
-97.22163844 2 4 2
-97.59631704 2 4 0
-100.36826134 3 7 4 0
-100.45005989 3 7 2 0
-100.67271961 3 2 4 0
-106.07663849 3 7 4 2
7 64
-116.45378214 2 5 4
-118.77692419 3 5 1 4
-118.77692419 3 3 5 4
-118.77692419 3 3 1 4
-118.90322209 3 5 4 0
-119.35489000 2 1 4
-121.32917402 3 1 4 0
-121.53123045 2 3 4
-122.31317846 1 4
-123.37208051 3 5 6 4
-123.74130522 2 6 4
-124.00426598 3 3 4 0
-124.23007234 2 4 0
-124.59641602 3 1 6 4
-125.48527027 3 5 4 2
-126.56639539 3 1 4 2
-127.00201664 3 6 4 0
-127.13056113 3 3 6 4
-127.15990614 2 4 2
-129.71268104 3 3 4 2
-130.41771029 3 2 4 0
-136.01490619 3 6 4 2
-168.84394228 2 5 2
-169.16951362 1 5
-170.62324720 2 3 5
-170.62324720 2 3 1
-170.62324720 2 1 5
-171.21561796 2 1 2
-171.51497959 2 5 0
-171.67656388 3 3 1 5
-171.72121810 1 2
-171.72890208 3 3 5 2
-171.72890208 3 3 1 2
-171.72890208 3 1 5 2
-171.83366899 2 3 2
-172.14413119 1 3
-172.17833054 3 2 5 0
-173.00796020 2 6 5
-173.67818613 3 3 5 0
-173.67818613 3 3 1 0
-173.67818613 3 1 5 0
-173.68061873 1 1
-173.98190020 2 2 0
-174.02924591 3 2 1 0
-174.55388403 2 3 0
-175.16498854 3 3 6 5
-175.16498854 3 3 1 6
-175.16498854 3 1 6 5
-175.29933415 3 3 2 0
-175.30506890 0 
-175.56879747 2 1 0
-175.92807355 3 6 5 2
-176.23548260 2 1 6
-176.36086555 2 3 6
-176.36525039 1 6
-176.77149331 3 6 5 0
-176.80369182 1 0
-176.97751896 2 6 2
-177.93209988 3 1 6 2
-178.93739636 2 6 0
-179.40789631 3 1 6 0
-180.10021691 3 3 6 2
-180.15267175 3 3 6 0
-181.12164636 3 2 6 0
