8
0 64
-23.50589811 0 
-24.16014086 1 1
-24.43523155 1 5
-24.44239301 1 3
-24.72696023 1 2
-24.92707375 1 6
-25.10029717 2 5 3
-25.10029717 2 1 5
-25.10029717 2 1 3
-25.31620131 3 1 5 3
-25.37868106 1 7
-25.37868106 1 4
-25.46837184 2 6 5
-25.62434325 2 6 3
-26.11970442 2 1 6
-26.44692906 2 1 2
-26.53470330 2 2 3
-26.55609135 2 1 7
-26.56119635 2 5 2
-26.96894802 3 6 5 3
-26.96894802 3 1 5 6
-26.96894802 3 1 3 6
-27.15014138 2 1 4
-27.31566290 2 4 7
-27.34224496 2 5 7
-27.37188047 2 3 7
-27.46252068 2 5 4
-27.46981782 2 3 4
-27.77633813 2 2 7
-27.85091568 2 6 2
-27.86871129 2 2 4
-27.99091702 2 6 4
-28.17060755 2 6 7
-28.51359142 3 5 2 3
-28.51359142 3 1 5 2
-28.51359142 3 1 2 3
-28.71377099 3 5 3 7
-28.71377099 3 1 5 7
-28.71377099 3 1 3 7
-29.19212600 3 1 4 7
-29.42423755 3 5 3 4
-29.42423755 3 1 5 4
-29.42423755 3 1 3 4
-29.45821849 3 6 5 2
-29.57634765 3 6 2 3
-29.78135034 3 6 5 7
-29.93731468 3 6 5 4
-30.00144053 3 1 7 6
-30.03608331 3 6 3 7
-30.06069286 3 6 3 4
-30.18988877 3 1 2 7
-30.27839970 3 1 2 4
-30.35709159 3 1 2 6
-30.47688829 3 1 4 6
-30.70165773 3 5 4 7
-30.71519467 3 3 4 7
-30.74692713 3 5 2 7
-30.75589076 3 2 3 7
-30.89846028 3 5 2 4
-30.91172654 3 2 3 4
-31.65401803 3 2 4 7
-31.91424633 3 6 4 7
-33.14070482 3 6 2 4
-33.22027041 3 6 2 7
1 64
-3.28610199 2 5 3
-3.50200613 3 0 5 3
-3.57767780 3 6 5 3
-4.43969959 3 5 3 7
-5.05331951 3 5 2 3
-5.11101898 3 5 3 4
-10.31280214 1 5
-10.73179386 2 6 3
-10.97786775 2 0 5
-11.12694445 2 6 5
-11.58446407 1 6
-11.75059843 2 5 7
-12.07639863 3 0 3 6
-12.13248859 2 5 2
-12.36177060 3 6 3 7
-12.62752063 3 0 5 6
-12.77709475 2 0 6
-12.84412722 2 6 7
-12.98115885 2 5 4
-13.12212447 3 0 5 7
-13.27827206 3 6 5 7
-13.96110044 2 6 2
-14.08488365 3 0 5 2
-14.23111257 2 6 4
-14.26552595 1 7
-14.26896269 3 6 5 2
-14.54487250 3 6 3 4
-14.59632086 3 6 2 3
-14.65617923 0 
-14.67496020 3 0 7 6
-14.81213392 3 5 2 4
-14.94287572 3 0 5 4
-14.98894687 3 5 2 7
-15.09141620 3 6 5 4
-15.31042199 1 0
-15.44293624 2 0 7
-15.50386899 2 3 7
-15.54931318 1 3
-16.18930187 2 4 7
-16.19624485 3 5 4 7
-16.20721733 2 0 3
-16.22599946 1 4
-16.25818727 1 2
-16.46727634 3 0 2 6
-16.71708385 3 0 4 6
-16.84575951 3 0 3 7
-16.85014701 3 6 2 4
-16.96129825 3 6 2 7
-16.96932956 2 2 7
-17.13779122 3 6 4 7
-17.80829121 2 2 4
-17.97815610 2 0 2
-17.99745978 2 0 4
-18.06576496 3 0 4 7
-18.16370321 2 2 3
-18.25054830 2 3 4
-18.97822246 3 2 4 7
-19.10629286 3 3 4 7
-19.38288019 3 0 2 7
-19.41234790 3 2 3 7
-20.14259133 3 0 2 3
-20.20496802 3 0 3 4
-20.21797963 3 0 2 4
-20.35814515 3 2 3 4
2 64
-168.60057185 2 3 4
-168.87719363 2 5 4
-170.70667302 1 4
-170.70816870 3 5 3 4
-170.70816870 3 1 3 4
-170.70816870 3 1 5 4
-172.04248057 3 0 3 4
-172.16310516 1 3
-172.28896477 2 1 4
-172.31313323 3 0 5 4
-172.85836622 2 6 4
-172.95780874 1 5
-173.19670324 2 0 4
-173.39250271 1 6
-173.52613905 2 3 7
-174.19626952 2 5 7
-174.25541544 2 0 3
-174.45621046 1 7
-174.77749519 2 5 3
-174.77749519 2 1 5
-174.77749519 2 1 3
-175.01181145 2 6 3
-175.08377354 2 0 5
-175.41722309 3 1 0 4
-175.47740066 3 1 4 6
-175.55967631 3 6 3 4
-175.70419726 3 6 5 4
-175.73432022 2 6 5
-175.76913908 2 1 6
-175.88211390 0 
-176.31634464 2 0 6
-176.54471271 3 1 5 3
-176.85386752 2 0 7
-176.91014934 3 0 3 7
-176.95920708 2 4 7
-177.04531278 2 6 7
-177.10317602 1 0
-177.16001406 2 1 7
-177.29845598 3 3 4 7
-177.43461796 3 5 3 7
-177.43461796 3 1 5 7
-177.43461796 3 1 3 7
-177.48412194 1 1
-177.49448830 3 5 4 7
-177.60095169 3 0 5 7
-178.00815402 3 0 4 6
-178.19078944 3 0 5 3
-178.19078944 3 1 5 0
-178.19078944 3 1 0 3
-178.87633845 3 6 5 3
-178.87633845 3 1 5 6
-178.87633845 3 1 3 6
-178.96381585 3 0 3 6
-179.72416686 3 0 5 6
-179.74812767 3 1 4 7
-179.77091013 2 1 0
-180.00652624 3 1 0 6
-180.31851726 3 6 3 7
-180.63357997 3 6 5 7
-180.79381148 3 1 0 7
-181.16248381 3 1 7 6
-181.29756221 3 0 4 7
-182.09497564 3 0 7 6
-185.38943927 3 6 4 7
3 64
-3.28610199 2 1 5
-3.50200613 3 1 5 0
-3.57767780 3 1 5 6
-4.43969959 3 1 5 7
-5.05331951 3 1 5 2
-5.11101898 3 1 5 4
-10.31280214 1 5
-10.97786775 2 0 5
-11.12694445 2 6 5
-11.75059843 2 5 7
-12.13248859 2 5 2
-12.62752063 3 0 5 6
-12.98115885 2 5 4
-13.12212447 3 0 5 7
-13.27827206 3 6 5 7
-14.08488365 3 0 5 2
-14.26896269 3 6 5 2
-14.81213392 3 5 2 4
-14.94287572 3 0 5 4
-14.98894687 3 5 2 7
-15.09141620 3 6 5 4
-16.19624485 3 5 4 7
-25.13651144 2 1 6
-25.98575504 3 1 0 6
-25.98918165 1 6
-26.68645115 2 0 6
-27.60849039 2 6 2
-28.24371081 3 1 2 6
-28.36339731 3 1 7 6
-28.84575393 2 6 7
-29.23371474 2 6 4
-29.33392236 3 0 2 6
-29.54747466 3 1 4 6
-30.71122970 3 0 7 6
-31.30349057 3 0 4 6
-31.93502483 3 6 2 4
-32.11895842 3 6 2 7
-32.69901013 3 6 4 7
-57.97124802 2 4 7
-58.31049691 3 2 4 7
-58.33644314 2 2 7
-58.72929695 1 2
-59.26651454 1 7
-60.50485759 2 1 7
-60.53704002 2 0 2
-60.63481289 2 1 2
-60.77946148 3 1 2 7
-60.88823901 3 1 4 7
-61.25971396 2 0 7
-61.31599578 3 0 2 7
-61.37077978 3 0 4 7
-62.19029989 2 2 4
-62.44830570 0 
-62.66253723 3 1 0 7
-62.70147525 3 1 2 0
-63.34143964 1 1
-63.38480060 1 0
-64.28159594 2 1 0
-64.29640105 1 4
-64.74015382 3 1 2 4
-65.23331514 3 0 2 4
-66.32094989 2 1 4
-66.38753782 2 0 4
-68.59504606 3 1 0 4
4 64
-102.62398639 2 5 7
-103.46720894 2 3 7
-104.76247547 1 7
-105.92220517 3 5 2 7
-105.98339916 3 0 5 7
-106.68625138 2 1 7
-106.69945731 2 0 7
-106.70973385 2 6 7
-106.81052313 3 0 3 7
-107.03720511 3 6 5 7
-107.06963280 3 1 5 7
-107.06963280 3 5 3 7
-107.06963280 3 1 3 7
-107.23952586 3 2 3 7
-107.26547209 2 2 7
-109.27436500 3 1 2 7
-109.32228603 3 1 0 7
-110.45337263 3 0 7 6
-110.56299005 3 6 3 7
-111.00339785 3 1 7 6
-111.14315199 3 0 2 7
-115.05386034 3 6 2 7
-167.55410947 1 2
-169.10421341 2 1 2
-170.52990902 2 5 2
-170.69586053 2 0 2
-171.01511241 2 2 3
-172.28916716 2 6 2
-172.72955036 0 
-172.82330365 1 6
-172.93568406 3 1 2 0
-173.20955435 3 5 2 3
-173.20955435 3 1 5 2
-173.20955435 3 1 2 3
-174.29937058 1 1
-174.57764571 1 3
-174.60233331 1 0
-174.61052412 1 5
-174.86717295 3 0 5 2
-175.17821373 3 1 2 6
-175.39213565 3 0 2 3
-175.46995214 2 1 6
-175.88632066 3 6 5 2
-175.88714692 2 0 6
-175.91644362 2 6 5
-176.06783673 2 6 3
-176.61570160 3 6 2 3
-177.27888084 2 1 5
-177.27888084 2 5 3
-177.27888084 2 1 3
-177.28937110 2 1 0
-177.57895629 3 0 2 6
-177.60507052 2 0 3
-177.63781325 2 0 5
-179.10379783 3 1 5 3
-179.82713602 3 1 0 6
-179.88091537 3 1 3 6
-179.88091537 3 6 5 3
-179.88091537 3 1 5 6
-180.38538645 3 0 5 6
-180.50418634 3 0 3 6
-181.60282122 3 1 5 0
-181.60282122 3 0 5 3
-181.60282122 3 1 0 3
5 64
-3.28610199 2 1 3
-3.50200613 3 1 0 3
-3.57767780 3 1 3 6
-4.43969959 3 1 3 7
-5.05331951 3 1 2 3
-5.11101898 3 1 3 4
-10.73179386 2 6 3
-12.07639863 3 0 3 6
-12.36177060 3 6 3 7
-14.54487250 3 6 3 4
-14.59632086 3 6 2 3
-15.50386899 2 3 7
-15.54931318 1 3
-16.20721733 2 0 3
-16.84575951 3 0 3 7
-18.16370321 2 2 3
-18.25054830 2 3 4
-19.10629286 3 3 4 7
-19.41234790 3 2 3 7
-20.14259133 3 0 2 3
-20.20496802 3 0 3 4
-20.35814515 3 2 3 4
-25.13651144 2 1 6
-25.59403106 1 6
-25.98575504 3 1 0 6
-26.13532915 2 0 6
-27.92925248 2 6 7
-27.93584857 2 6 2
-28.24371081 3 1 2 6
-28.25672374 3 6 4 7
-28.36339731 3 1 7 6
-28.68717103 2 6 4
-29.53999526 3 0 7 6
-29.54315137 3 0 2 6
-29.54747466 3 1 4 6
-30.63356869 3 0 4 6
-31.51751967 3 6 2 7
-31.53300206 3 6 2 4
-60.50485759 2 1 7
-60.63481289 2 1 2
-60.77946148 3 1 2 7
-60.88129603 2 4 7
-60.88823901 3 1 4 7
-61.41657724 3 2 4 7
-62.66253723 3 1 0 7
-62.70147525 3 1 2 0
-62.75984416 2 2 7
-63.01978510 1 7
-63.34143964 1 1
-64.26729085 3 0 4 7
-64.28159594 2 1 0
-64.74015382 3 1 2 4
-64.76051157 1 2
-64.98334900 2 0 7
-65.73043317 3 0 2 7
-66.32094989 2 1 4
-66.59474770 2 0 2
-67.68481674 0 
-67.73631111 2 2 4
-68.59504606 3 1 0 4
-68.61415018 1 0
-69.56579050 1 4
-70.76606011 3 0 2 4
-71.64963012 2 0 4
6 64
-54.60252102 1 5
-55.41666334 2 5 3
-55.41666334 2 1 5
-55.41666334 2 1 3
-55.63566132 2 0 5
-55.70823916 3 1 5 3
-55.90844052 2 5 4
-56.67445194 2 5 7
-57.28531420 3 1 5 0
-57.28531420 3 1 0 3
-57.28531420 3 0 5 3
-57.37903250 2 5 2
-58.01869787 3 1 3 4
-58.01869787 3 5 3 4
-58.01869787 3 1 5 4
-58.20212556 3 5 3 7
-58.20212556 3 1 5 7
-58.20212556 3 1 3 7
-58.38323452 3 0 5 4
-59.11355731 3 0 5 7
-59.51550660 3 5 2 3
-59.51550660 3 1 5 2
-59.51550660 3 1 2 3
-60.23418266 1 3
-60.27605464 3 0 5 2
-61.08767066 3 5 4 7
-61.34422395 2 3 7
-61.41613290 2 0 3
-61.72437368 2 3 4
-62.73544415 3 5 2 4
-63.08288895 2 2 3
-63.11176239 3 5 2 7
-64.00842679 3 0 3 7
-64.31524871 3 0 3 4
-66.12453330 3 0 2 3
-68.13660216 3 2 3 7
-68.44000506 3 3 4 7
-68.68347814 3 2 3 4
-90.34358584 2 1 7
-91.76498457 1 7
-91.90660868 2 1 2
-93.62159154 1 1
-93.71224295 2 4 7
-93.78893502 3 1 0 7
-94.20369551 1 2
-94.34605559 3 1 2 7
-94.35408689 2 2 7
-94.55691105 2 0 7
-94.66073230 3 1 4 7
-94.79217310 2 1 4
-95.58115510 2 1 0
-95.81677121 3 1 2 0
-96.69330670 0 
-96.78705999 1 4
-97.32765097 2 0 2
-97.98060899 3 1 2 4
-98.11448234 1 0
-98.11892002 3 1 0 4
-98.31082638 3 0 4 7
-98.93875320 2 2 4
-99.39929595 2 0 4
-99.79801917 3 0 2 7
-102.14247514 3 2 4 7
-104.21074673 3 0 2 4
7 64
-96.07798099 2 5 4
-98.43732243 2 3 4
-99.29306698 3 5 3 4
-99.29306698 3 1 5 4
-99.29306698 3 1 3 4
-99.31711803 3 0 5 4
-101.25721113 3 6 5 4
-101.68269927 3 0 3 4
-101.68765842 2 6 4
-104.59433707 3 1 4 6
-104.69527565 3 5 2 4
-104.72577787 2 1 4
-104.76247547 1 4
-105.15295381 3 6 3 4
-105.61098773 3 0 4 6
-106.69945731 2 0 4
-106.76776249 3 1 0 4
-107.13520655 3 2 3 4
-111.01500953 2 2 4
-112.18494078 3 1 2 4
-114.21873147 3 6 2 4
-114.80031627 3 0 2 4
-167.80122822 1 6
-168.06451872 1 5
-169.06089137 2 1 6
-169.30297950 2 5 2
-169.50231502 2 5 3
-169.50231502 2 1 5
-169.50231502 2 1 3
-169.54775920 1 3
-170.13644964 2 6 5
-170.65591263 3 1 5 3
-170.65780050 2 6 3
-170.91079310 2 2 3
-170.97153213 2 0 5
-171.04476202 2 0 6
-171.30364691 1 2
-171.45403829 2 6 2
-172.01478919 2 1 2
-172.15943779 3 5 2 3
-172.15943779 3 1 5 2
-172.15943779 3 1 2 3
-172.28777724 3 6 5 3
-172.28777724 3 1 5 6
-172.28777724 3 1 3 6
-172.33889707 1 1
-172.47724666 2 0 3
-172.72955036 0 
-172.94262747 3 1 0 6
-173.11578885 3 1 5 0
-173.11578885 3 1 0 3
-173.11578885 3 0 5 3
-173.48871028 3 0 5 2
-174.35302481 2 0 2
-174.44942813 3 0 5 6
-174.45423610 3 1 2 6
-174.60233331 1 0
-174.73484756 2 1 0
-175.03570939 3 6 5 2
-175.06954056 3 0 3 6
-175.13198057 3 0 2 3
-175.75774890 3 1 2 0
-175.96450632 3 6 2 3
-176.82339301 3 0 2 6
