8
0 64
-66.50818265 1 1
-67.13411277 2 1 6
-67.48014783 2 5 3
-67.68766488 2 1 5
-68.17146183 2 1 3
-68.55126183 3 5 6 3
-68.68515913 0 
-68.75539379 3 1 5 6
-68.89736579 3 1 5 3
-69.24349116 3 1 6 3
-69.32497238 1 3
-70.07555114 2 1 7
-70.13289659 2 1 4
-70.13616361 1 4
-70.23461653 1 5
-70.65983848 1 7
-70.78949021 1 6
-70.89030702 2 6 3
-70.97503728 1 2
-71.27816245 2 5 6
-71.32926925 2 1 2
-71.42745305 2 4 7
-71.91238448 3 1 6 7
-72.05474542 2 4 3
-72.19553380 2 7 3
-72.41126831 3 5 7 3
-72.43548745 3 1 5 7
-72.63554301 2 2 3
-72.82235617 3 1 6 4
-73.09878167 3 1 7 3
-73.10462687 3 5 4 3
-73.33550852 3 1 5 4
-73.79632372 3 1 4 3
-73.91839522 2 5 2
-73.97488217 2 5 7
-73.98909827 3 1 6 2
-74.02161406 2 5 4
-74.13299328 2 6 7
-74.21624872 3 5 2 3
-74.40582142 3 1 5 2
-74.57228986 3 7 4 3
-74.66126917 2 6 4
-74.84805847 3 6 7 3
-74.90845027 3 1 2 3
-74.99127818 3 1 4 7
-75.26394443 2 2 7
-75.34611009 2 2 4
-75.50644663 2 6 2
-76.33836216 3 5 6 7
-76.65638885 3 6 4 3
-76.95905625 3 5 6 2
-76.99513470 3 5 6 4
-77.40695933 3 1 2 4
-77.73584228 3 6 2 3
-78.46611770 3 1 2 7
-78.61124386 3 5 4 7
-78.72987116 3 6 4 7
-79.38281362 3 7 2 3
-79.50124694 3 2 4 3
-80.24031076 3 2 5 4
-80.98672753 3 2 4 7
-82.04538963 3 5 2 7
-82.36253003 3 2 6 4
-82.54380333 3 6 2 7
1 64
-10.17285370 2 5 3
-10.83147952 3 5 7 3
-10.95830798 3 5 6 3
-11.59007166 3 5 0 3
-12.26066575 3 5 4 3
-12.54613718 3 5 2 3
-35.49269988 2 5 2
-35.98012609 3 5 0 2
-36.45289379 2 5 0
-37.34988664 3 5 6 0
-37.69830604 3 5 6 2
-38.26656804 3 5 2 7
-38.99984544 1 5
-39.87265531 2 5 6
-40.41099247 3 6 0 3
-40.60601230 3 5 0 7
-41.53695900 3 5 0 4
-42.05780833 2 6 3
-42.14540702 2 5 7
-42.15517903 2 6 0
-42.22306455 2 5 4
-42.41572968 3 6 7 3
-42.68561669 3 2 5 4
-44.36433661 3 5 6 7
-44.43506245 3 5 6 4
-45.62690015 3 6 2 7
-45.81055647 1 6
-46.81737126 3 6 0 2
-46.85730015 3 6 0 7
-47.14788876 3 6 4 3
-47.45700001 3 6 2 3
-47.50442109 3 6 0 4
-48.33471963 2 6 2
-48.99263751 3 5 4 7
-49.07790894 2 6 7
-49.34333409 2 6 4
-55.47413399 3 2 6 4
-55.57280507 3 6 4 7
-66.50818265 1 0
-68.10496625 2 0 7
-68.68515913 0 
-68.68925359 1 7
-68.89020247 2 7 3
-69.17189226 2 2 7
-69.37774364 2 0 3
-69.79345034 3 0 7 3
-70.53125418 1 3
-71.01554503 1 2
-71.08328592 2 0 4
-71.08655294 1 4
-71.36977700 2 0 2
-71.86881780 3 7 4 3
-71.95841266 2 4 7
-72.37406553 3 0 2 7
-72.82448404 3 7 2 3
-74.37261412 2 4 3
-74.41263854 2 2 3
-75.52223779 3 0 4 7
-76.11419243 3 0 4 3
-76.14456304 2 2 4
-76.68554581 3 0 2 3
-77.85158720 3 2 4 7
-78.20541228 3 2 0 4
-82.09896774 3 2 4 3
2 64
-599.56254042 2 4 3
-606.62069312 3 5 4 3
-606.64809366 2 5 4
-607.00904195 3 0 4 3
-607.11064580 3 1 5 4
-607.26320662 3 6 4 3
-607.28889403 3 1 4 3
-609.80989689 3 7 4 3
-612.86679036 3 5 0 4
-613.32731759 3 5 6 4
-618.55156187 2 6 4
-619.52248151 3 5 4 7
-624.68236177 3 1 6 4
-626.25282273 3 6 0 4
-628.95051894 3 6 4 7
-628.99671760 1 4
-634.05472769 2 1 4
-634.20666408 2 0 4
-635.16365260 2 4 7
-636.29114909 2 7 3
-639.56213644 3 1 5 7
-639.63266266 3 5 7 3
-640.22543065 3 1 7 3
-641.05682714 3 1 4 7
-641.32879043 3 1 0 4
-643.44097542 2 5 7
-643.47842891 3 0 7 3
-644.23177015 3 6 7 3
-644.72292708 3 0 4 7
-645.90152713 3 1 6 7
-648.53568006 3 5 6 7
-649.35253592 2 6 7
-651.51148288 3 5 0 7
-657.76334597 3 6 0 7
-659.21838364 1 3
-659.41790954 1 7
-659.90054821 2 1 7
-662.43825136 2 5 3
-662.52895427 2 0 3
-662.63711842 2 6 3
-663.01461019 2 1 5
-663.09976800 2 1 3
-664.02201550 2 0 7
-664.81153484 3 1 5 3
-666.52175574 1 5
-667.37390591 3 5 6 3
-667.95023549 3 1 5 6
-668.03631010 3 1 6 3
-668.29111478 3 1 0 7
-669.17435225 3 5 0 3
-669.48265369 3 6 0 3
-669.73276673 3 1 5 0
-669.83675644 3 1 0 3
-670.12458475 2 5 6
-670.20553443 2 5 0
-675.80547856 3 5 6 0
-678.57938909 1 6
-681.10355225 2 1 6
-683.29634551 2 6 0
-687.95853775 3 1 6 0
-696.77709874 0 
-699.06697688 1 0
-699.10748464 1 1
-703.92857124 2 1 0
3 64
-8.37004440 2 1 5
-9.14615856 3 1 5 6
-9.17605650 3 1 5 7
-9.57974531 3 1 5 0
-10.13069340 3 1 5 4
-10.16696904 3 1 5 2
-33.11353175 2 5 2
-33.41138525 3 5 0 2
-34.44256744 2 5 0
-35.30982704 3 5 6 2
-35.33360526 3 5 6 0
-36.68167124 3 5 2 7
-37.19703613 1 5
-38.06050588 2 5 6
-38.92637013 3 5 0 7
-39.17610500 3 5 0 4
-40.06569166 3 2 5 4
-40.09309220 2 5 4
-40.48998399 2 5 7
-42.29427034 3 5 6 4
-42.68469444 3 5 6 7
-45.49612994 3 5 4 7
-82.31853231 3 1 6 2
-83.19625194 2 6 2
-85.42564759 3 6 0 2
-87.49637357 3 1 6 7
-89.03778706 3 6 2 7
-90.42909796 3 2 6 4
-94.15855283 2 6 7
-94.87361803 3 6 0 7
-95.38577446 2 1 6
-97.49515286 3 1 6 0
-99.13852261 1 6
-99.23933941 2 6 0
-99.52200788 3 1 6 4
-101.71745321 2 6 4
-101.97239860 3 6 4 7
-103.71257289 3 6 0 4
-211.35569280 2 2 7
-213.64876725 3 2 4 7
-215.00828458 3 1 2 7
-215.47456199 3 0 2 7
-217.16622886 1 2
-218.82673460 2 0 2
-220.56332237 2 1 2
-222.86807466 2 2 4
-224.14250340 3 1 0 2
-227.02321151 3 2 0 4
-228.82247936 3 1 2 4
-234.48245326 1 7
-234.68340214 2 1 7
-236.01814858 2 0 7
-237.70663267 3 1 0 7
-238.91292811 3 1 4 7
-239.00252296 2 4 7
-242.14735978 3 0 4 7
-252.30225184 1 4
-254.22083364 2 0 4
-254.72494396 0 
-255.36475721 1 0
-255.58831302 2 1 4
-256.57103901 1 1
-258.23431819 2 1 0
-259.25174015 3 1 0 4
4 64
-434.65113966 2 2 7
-436.94421410 3 7 2 3
-438.47157059 3 5 2 7
-440.37392275 3 0 2 7
-443.33083460 3 1 2 7
-444.27217373 3 6 2 7
-458.90539660 1 7
-459.67301116 2 0 7
-462.17455567 2 1 7
-462.39006450 2 5 7
-463.42546630 2 7 3
-464.67419071 2 6 7
-465.80222237 3 0 7 3
-466.40408164 3 1 7 3
-467.02642619 3 5 0 7
-467.09028271 3 1 0 7
-467.39621045 3 5 7 3
-469.23729498 3 1 5 7
-469.27106859 3 6 0 7
-470.26175958 3 5 6 7
-471.16908683 3 1 6 7
-472.48803647 3 6 7 3
-622.30355022 1 2
-626.67462304 2 0 2
-627.43256823 2 1 2
-628.00539602 2 2 3
-628.49880841 2 5 2
-629.08097703 2 6 2
-633.51025832 3 1 0 2
-634.82072396 3 5 0 2
-634.87109996 3 0 2 3
-635.45096832 3 5 2 3
-635.51232819 3 5 6 2
-635.69172522 3 1 5 2
-635.69172522 3 1 2 3
-635.93706043 3 6 0 2
-636.22039139 3 1 6 2
-636.31382305 3 6 2 3
-687.66123924 1 3
-688.37247050 1 5
-689.10880425 1 6
-690.08393136 0 
-690.39101228 2 0 3
-691.26852656 2 5 3
-691.50259919 2 1 3
-691.53493585 1 0
-691.59568961 2 1 5
-691.68773485 2 6 3
-692.15946803 2 5 0
-692.30959535 2 5 6
-692.48532518 1 1
-692.64158187 2 1 6
-692.98058321 2 6 0
-693.35633861 3 1 5 3
-696.11003912 2 1 0
-696.54335981 3 5 6 3
-696.77781528 3 1 6 3
-696.87200250 3 1 5 6
-696.89300560 3 5 0 3
-697.12746107 3 1 0 3
-697.24353324 3 1 5 0
-697.45381669 3 6 0 3
-698.02656760 3 5 6 0
-698.32982528 3 1 6 0
5 64
-4.56338191 2 1 3
-4.65752219 3 1 6 3
-5.28928586 3 1 0 3
-6.27514875 3 1 2 3
-6.34284315 3 1 7 3
-6.41712134 3 1 4 3
-33.41797735 3 6 0 3
-35.75702253 2 6 3
-37.23957995 3 6 7 3
-40.49381002 3 6 2 3
-40.61264749 3 6 4 3
-63.07695784 2 0 3
-64.40156610 2 7 3
-64.61730061 3 0 7 3
-64.92178239 1 3
-67.74307967 3 7 2 3
-68.14165011 2 2 3
-68.37231024 3 7 4 3
-68.52906971 2 4 3
-69.57895116 3 0 4 3
-69.72235582 3 0 2 3
-75.58722241 3 2 4 3
-77.74382134 3 1 6 2
-83.99986601 3 1 6 7
-87.89658248 3 6 2 7
-88.38023492 2 6 2
-88.71343834 2 6 7
-89.83284454 3 6 0 2
-90.89713809 2 1 6
-90.91880722 3 6 0 7
-92.51841912 3 1 6 0
-94.30100721 3 6 4 7
-94.81158608 3 2 6 4
-95.12755872 3 1 6 4
-96.83503926 1 6
-97.32371150 2 6 0
-100.03583036 2 6 4
-102.36969588 3 6 0 4
-211.51177702 3 1 2 7
-216.67150207 2 1 2
-219.74805424 3 1 0 2
-224.93065906 3 1 2 4
-231.85018880 2 1 7
-234.21012511 3 1 0 7
-238.91292811 3 1 4 7
-242.41710123 2 2 7
-246.23753217 3 2 4 7
-249.19854644 3 0 2 7
-251.87474095 2 1 4
-252.19434722 1 2
-252.76437652 1 1
-253.94385875 2 1 0
-255.07735288 3 1 0 4
-255.13770516 2 0 2
-258.38960541 2 2 4
-258.39403536 1 7
-261.70907905 2 0 7
-261.87870326 2 4 7
-263.28380608 3 2 0 4
-269.06249407 3 0 4 7
-280.73822935 1 4
-282.44969021 0 
-283.99914761 1 0
-284.62367980 2 0 4
6 64
-213.84761858 1 5
-214.71108833 2 5 3
-214.72042845 2 1 5
-214.89116450 2 5 0
-215.40240233 2 1 3
-215.49654261 3 1 5 3
-215.78220233 3 5 0 3
-215.78815735 3 1 5 0
-216.47443166 3 1 0 3
-217.45044759 2 5 2
-217.78474344 2 5 4
-218.17480175 2 5 7
-219.64674288 3 5 2 3
-219.65605375 3 1 5 2
-219.98592158 3 5 4 3
-219.99674134 3 1 5 4
-220.33894443 3 1 2 3
-220.36951219 3 5 7 3
-220.39373133 3 1 5 7
-220.49110863 3 5 0 2
-220.53828174 3 5 0 7
-220.67761843 3 1 4 3
-220.75826407 3 5 0 4
-221.05702555 3 1 7 3
-223.26950639 3 5 2 7
-224.46396737 3 2 5 4
-226.04649683 3 5 4 7
-243.87584819 1 3
-245.44118282 2 0 3
-247.29458297 2 2 3
-247.53149834 2 7 3
-247.90234379 2 4 3
-250.18402302 3 0 7 3
-252.39488224 3 0 2 3
-252.50398723 3 0 4 3
-255.47211941 3 7 2 3
-255.60300999 3 2 4 3
-256.59406851 3 7 4 3
-354.24503304 3 1 2 7
-358.58373449 2 1 2
-361.24356351 3 1 0 2
-367.37155765 3 1 2 4
-368.24405412 2 1 7
-370.08088747 3 1 0 7
-376.58766688 1 1
-376.74392357 2 1 4
-377.21359699 2 1 0
-377.23858529 3 1 4 7
-377.79002514 2 2 7
-379.43338315 3 1 0 4
-381.26455989 1 2
-385.06988404 3 0 2 7
-385.79596925 2 0 2
-387.41105921 3 2 4 7
-387.85539877 1 7
-388.04198669 2 2 4
-391.32855356 2 0 7
-393.62419288 2 4 7
-395.05840664 3 2 0 4
-398.48714243 1 4
-399.46226953 0 
-400.92661099 3 0 4 7
-401.56660062 1 0
-403.01224798 2 0 4
7 64
-439.57166083 2 5 4
-442.62766172 3 1 4 3
-444.16129062 3 5 0 4
-444.97469857 3 5 4 3
-445.13145804 2 4 3
-446.34123378 3 1 5 4
-447.64900249 3 0 4 3
-447.83341422 3 5 6 4
-452.44604868 3 2 5 4
-453.56823736 2 6 4
-453.82318275 3 6 4 3
-455.37881450 3 2 4 3
-457.63683936 3 6 0 4
-458.43118692 1 4
-459.30304663 2 1 4
-459.72247635 2 0 4
-459.79770834 3 1 6 4
-463.96719444 3 2 6 4
-464.16142822 3 1 0 4
-464.59812192 2 2 4
-466.30514608 3 1 2 4
-470.23873936 3 2 0 4
-642.47328650 2 5 2
-644.85184192 3 1 2 3
-645.24715466 3 1 5 2
-646.04142599 3 5 2 3
-646.06817826 3 1 6 2
-646.43999642 2 2 3
-648.29234530 3 5 6 2
-648.77599774 2 6 2
-650.40687971 2 1 2
-650.60028092 3 5 0 2
-652.25053249 1 2
-653.18726704 3 0 2 3
-654.61753287 3 6 2 3
-655.81335444 3 6 0 2
-656.53943964 2 0 2
-657.54372817 3 1 0 2
-665.55406683 1 5
-667.72617926 2 1 3
-668.69962841 2 1 5
-668.84701469 2 5 3
-669.29433247 2 5 0
-669.36723098 1 3
-669.50564051 3 1 5 3
-669.88124999 2 5 6
-672.23779240 2 0 3
-672.65349910 3 1 0 3
-673.02288113 2 6 3
-673.38080249 3 1 6 3
-673.44745098 3 1 5 0
-673.77813516 3 5 0 3
-674.37293129 3 1 5 6
-674.50543855 3 5 6 3
-674.94144970 3 5 6 0
-676.98063259 3 6 0 3
-678.00285091 1 6
-681.27020338 2 1 6
-681.34635398 2 6 0
-686.04847510 3 1 6 0
-689.60972168 0 
-689.61381614 1 1
-691.58440103 1 0
-693.18118463 2 1 0
