8
0 64
-17.41018289 2 7 1
-17.44270829 1 1
-19.00045150 2 5 3
-19.00045150 2 5 1
-19.00045150 2 3 1
-19.00153124 2 6 1
-19.50429210 3 7 6 1
-19.55502100 3 7 5 3
-19.55502100 3 7 5 1
-19.55502100 3 7 3 1
-19.83786210 3 5 3 1
-20.09375549 2 4 1
-20.13207543 2 2 1
-20.60742147 3 5 6 3
-20.60742147 3 5 6 1
-20.60742147 3 3 6 1
-20.96924725 3 7 4 1
-21.31157842 3 2 7 1
-21.42588213 1 5
-22.42138789 2 7 5
-22.43214892 3 2 4 1
-22.89379697 1 6
-22.93986850 3 2 5 3
-22.93986850 3 2 5 1
-22.93986850 3 2 3 1
-22.96092900 2 5 6
-22.96912993 3 4 6 1
-22.97656497 3 5 4 3
-22.97656497 3 5 4 1
-22.97656497 3 3 4 1
-22.98785460 3 2 6 1
-23.30037430 2 6 3
-23.50589811 0 
-23.93481795 2 5 4
-24.10839050 2 7 6
-24.29119187 1 7
-24.42350782 1 3
-24.43693920 1 4
-24.56567665 2 2 5
-24.84836226 1 2
-25.14608236 3 7 5 6
-25.43543761 2 4 6
-25.46354552 2 2 4
-25.80937657 3 7 6 3
-25.89744023 2 7 4
-25.93883922 2 2 6
-26.18194329 2 7 3
-26.44048152 2 4 3
-26.67803693 2 2 3
-26.72684045 3 4 5 6
-26.73798589 3 7 5 4
-26.84702535 3 2 5 4
-26.89723185 3 2 7 5
-26.93438125 2 2 7
-27.25335614 3 4 6 3
-27.43187322 3 2 6 3
-27.43187322 3 2 5 6
-27.91637697 3 2 4 3
-28.22247653 3 7 4 6
-28.30725955 3 2 4 6
-28.48249698 3 2 7 4
-29.21566661 3 2 7 6
-29.65490680 3 7 4 3
-29.96942927 3 2 7 3
1 64
-3.27263089 2 5 3
-3.56176016 3 5 6 3
-4.11004149 3 0 5 3
-4.35755038 3 2 5 3
-4.43114234 3 5 4 3
-5.06517051 3 7 5 3
-8.31698902 2 0 5
-9.19675352 2 0 6
-9.26526531 3 0 5 6
-9.46344224 3 0 6 3
-10.19320278 3 0 5 4
-10.49308905 3 0 7 5
-10.58046584 3 2 0 5
-10.74241965 1 5
-11.15145575 2 5 4
-11.15209531 3 0 4 6
-11.29321775 3 0 7 6
-11.41188759 3 2 0 6
-11.61877284 2 5 6
-12.15639507 2 6 3
-12.20627399 2 2 5
-12.68112079 3 4 5 6
-13.08901926 1 6
-13.18810927 1 0
-13.35945594 2 7 5
-13.54057513 3 4 6 3
-13.57114369 3 2 5 4
-13.61840298 2 4 6
-13.66460809 2 0 7
-13.72900474 2 0 4
-13.80743276 3 2 6 3
-13.80743276 3 2 5 6
-13.92348541 2 2 0
-14.36287221 2 2 6
-14.70999205 2 0 3
-15.44771160 3 7 5 4
-15.55026469 3 7 5 6
-15.76250234 3 2 0 7
-15.77007285 3 2 7 5
-15.83003654 3 0 7 3
-15.84047519 3 2 0 4
-15.88784288 3 0 7 4
-15.89731614 2 7 6
-15.94747741 3 0 4 3
-16.04722686 3 2 0 3
-16.05316958 3 2 4 6
-16.21355891 3 7 6 3
-17.98914357 3 7 4 6
-18.07218844 1 4
-18.63977223 1 2
-18.85051377 3 2 7 6
-18.87187179 2 2 4
-19.25129908 0 
-19.41139395 2 4 3
-19.78539529 2 2 3
-20.13304838 1 3
-20.54561707 1 7
-20.64328437 3 2 4 3
-20.81603587 2 7 4
-21.38530516 2 2 7
-22.45695883 2 7 3
-23.50576324 3 2 7 4
-23.72915342 3 2 7 3
-24.04543500 3 7 4 3
2 64
-165.26180087 2 4 6
-166.90371283 2 5 4
-167.41557983 1 4
-167.69656747 3 4 6 1
-168.09151035 2 4 3
-168.13362282 3 0 4 6
-168.21526318 2 4 1
-168.44218616 2 0 4
-168.60821501 3 4 6 3
-168.61614668 3 4 5 6
-169.32340077 3 5 4 3
-169.32340077 3 3 4 1
-169.32340077 3 5 4 1
-169.56740580 3 0 4 3
-169.81592023 3 0 5 4
-170.29203742 2 7 5
-170.55365661 3 0 4 1
-170.81282289 1 7
-171.43045974 2 7 3
-171.65251098 2 7 1
-171.75096127 2 7 6
-172.17762490 3 7 5 4
-172.59647396 2 7 4
-172.70265434 3 7 5 3
-172.70265434 3 7 5 1
-172.70265434 3 7 3 1
-173.09412274 1 6
-173.37374416 1 5
-173.38182645 3 7 4 3
-173.45601227 2 0 7
-174.36797570 2 6 1
-174.56001866 3 7 4 6
-174.70415890 3 7 6 1
-174.76788139 3 0 7 5
-174.83759849 2 5 3
-174.83759849 2 5 1
-174.83759849 2 3 1
-175.18153071 3 0 7 4
-175.18525158 1 3
-175.21794572 3 0 7 3
-175.25456892 2 5 6
-175.28620133 3 7 4 1
-175.55390651 3 0 7 1
-175.66279010 1 1
-175.79219115 2 6 3
-175.92251797 3 5 3 1
-175.97590552 3 7 5 6
-176.13916499 2 0 6
-176.26100694 3 7 6 3
-176.27431695 0 
-176.51353867 2 0 5
-176.85823738 3 0 7 6
-177.43978069 2 0 3
-177.44322884 3 5 6 3
-177.44322884 3 5 6 1
-177.44322884 3 3 6 1
-177.61678110 1 0
-178.35215724 2 0 1
-178.35429906 3 0 6 1
-178.77701549 3 0 5 3
-178.77701549 3 0 5 1
-178.77701549 3 0 3 1
-179.72551314 3 0 5 6
-179.92369007 3 0 6 3
3 64
-3.27263089 2 5 1
-3.56176016 3 5 6 1
-4.11004149 3 0 5 1
-4.35755038 3 2 5 1
-4.43114234 3 5 4 1
-5.06517051 3 7 5 1
-8.31698902 2 0 5
-9.26526531 3 0 5 6
-10.19320278 3 0 5 4
-10.49308905 3 0 7 5
-10.58046584 3 2 0 5
-10.74241965 1 5
-11.15145575 2 5 4
-11.61877284 2 5 6
-12.20627399 2 2 5
-12.68112079 3 4 5 6
-13.35945594 2 7 5
-13.57114369 3 2 5 4
-13.80743276 3 2 5 6
-15.44771160 3 7 5 4
-15.55026469 3 7 5 6
-15.77007285 3 2 7 5
-18.82771449 2 6 1
-19.76033867 1 6
-20.16691600 2 0 6
-20.43360472 3 0 6 1
-21.90296763 3 2 6 1
-22.45840708 2 2 6
-22.60391472 3 4 6 1
-22.66189083 2 7 6
-22.68174256 2 4 6
-22.97813359 3 7 6 1
-23.95144108 3 2 0 6
-24.36287691 3 0 7 6
-24.49966109 3 0 4 6
-26.02815671 3 2 4 6
-27.17193651 3 2 7 6
-28.22100246 3 7 4 6
-40.65673628 1 2
-41.08330553 1 7
-41.70094238 2 2 7
-41.74580164 0 
-41.80235933 2 2 1
-42.48641094 2 2 0
-42.62755094 1 1
-42.66341135 1 0
-42.97405695 2 0 7
-42.99464729 2 7 1
-43.69767077 1 4
-44.04479064 3 2 7 1
-44.18529414 2 0 1
-44.37360129 2 2 4
-44.47962171 2 7 4
-44.61015240 3 2 0 1
-44.73599040 3 2 0 7
-45.03687628 2 4 1
-45.13948539 3 0 7 1
-45.26497421 3 2 7 4
-45.70121309 2 0 4
-46.14501387 3 2 4 1
-46.82643273 3 2 0 4
-47.70902085 3 7 4 1
-47.91968577 3 0 4 1
-48.23708828 3 0 7 4
4 64
-128.06988500 1 7
-128.34030379 2 7 1
-129.67613336 2 0 7
-129.85353606 2 2 7
-130.96642170 2 7 5
-131.40165179 3 2 0 7
-131.46620118 2 7 3
-131.89936814 3 0 7 1
-131.97399413 3 2 7 1
-132.46439782 2 7 6
-132.85200917 3 2 7 5
-133.05467736 3 7 5 1
-133.05467736 3 7 5 3
-133.05467736 3 7 3 1
-133.41756789 3 2 7 3
-134.55622525 3 7 6 1
-134.93916469 3 0 7 3
-135.27345521 3 2 7 6
-135.28301970 3 0 7 5
-136.57848385 3 0 7 6
-138.02350944 3 7 6 3
-138.09347760 3 7 5 6
-163.87081324 1 2
-164.10291280 2 2 1
-164.48599650 2 2 0
-164.76244849 2 2 6
-166.40298628 3 2 0 1
-166.45274586 3 2 6 1
-167.08069764 2 2 5
-167.13086882 3 2 0 6
-167.58767825 2 2 3
-168.33219811 3 2 6 3
-168.44556734 3 2 5 3
-168.44556734 3 2 3 1
-168.44556734 3 2 5 1
-168.82601829 3 2 0 3
-169.19958413 3 2 5 6
-169.36204635 3 2 0 5
-171.55043971 1 1
-172.59477035 1 6
-172.72955036 0 
-173.12415408 2 6 1
-173.55072896 1 5
-173.66059144 1 0
-173.95976506 2 5 3
-173.95976506 2 5 1
-173.95976506 2 3 1
-174.20148691 2 0 1
-174.68141949 1 3
-175.11827651 3 5 3 1
-175.13641099 2 0 6
-175.51617425 2 6 3
-175.83800636 2 5 6
-176.05966478 2 0 5
-176.69839318 2 0 3
-176.90035431 3 5 6 3
-176.90035431 3 5 6 1
-176.90035431 3 3 6 1
-177.09175278 3 0 6 1
-177.93587854 3 0 5 3
-177.93587854 3 0 5 1
-177.93587854 3 0 3 1
-179.46915609 3 0 6 3
-179.60391782 3 0 5 6
5 64
-3.27263089 2 3 1
-3.56176016 3 3 6 1
-4.11004149 3 0 3 1
-4.35755038 3 2 3 1
-4.43114234 3 3 4 1
-5.06517051 3 7 3 1
-9.46344224 3 0 6 3
-12.15639507 2 6 3
-13.54057513 3 4 6 3
-13.80743276 3 2 6 3
-14.70999205 2 0 3
-15.83003654 3 0 7 3
-15.94747741 3 0 4 3
-16.04722686 3 2 0 3
-16.21355891 3 7 6 3
-18.82771449 2 6 1
-19.41139395 2 4 3
-19.78539529 2 2 3
-20.13304838 1 3
-20.29796090 1 6
-20.36509293 2 0 6
-20.43360472 3 0 6 1
-20.64328437 3 2 4 3
-21.90296763 3 2 6 1
-22.45695883 2 7 3
-22.45840708 2 2 6
-22.60391472 3 4 6 1
-22.97813359 3 7 6 1
-23.32518505 2 7 6
-23.54119691 2 4 6
-23.72915342 3 2 7 3
-23.95144108 3 2 0 6
-24.04543500 3 7 4 3
-24.36287691 3 0 7 6
-24.83259976 3 0 4 6
-26.89554272 3 2 4 6
-27.55012930 3 2 7 6
-28.95426483 3 7 4 6
-41.80235933 2 2 1
-42.62755094 1 1
-42.99464729 2 7 1
-44.04479064 3 2 7 1
-44.18529414 2 0 1
-44.61015240 3 2 0 1
-45.03687628 2 4 1
-45.13948539 3 0 7 1
-46.14501387 3 2 4 1
-47.70902085 3 7 4 1
-47.91968577 3 0 4 1
-47.95317196 2 2 0
-48.23585757 1 2
-48.31100444 2 0 7
-49.05641439 1 0
-49.62287355 3 2 0 7
-49.66002295 2 2 7
-50.18080842 1 7
-51.13643037 0 
-51.44574197 2 2 4
-51.45548773 2 0 4
-51.95760897 1 4
-52.65849606 3 2 7 4
-52.82922180 3 2 0 4
-53.07734512 2 7 4
-53.91789078 3 0 7 4
6 64
-48.93558916 1 5
-49.81194234 2 5 3
-49.81194234 2 5 1
-49.81194234 2 3 1
-50.10107161 3 5 3 1
-50.47063602 2 0 5
-50.81641392 2 2 5
-50.83766750 2 7 5
-51.22286656 2 5 4
-51.41891232 3 0 5 3
-51.41891232 3 0 5 1
-51.41891232 3 0 3 1
-52.41757270 3 2 5 3
-52.41757270 3 2 5 1
-52.41757270 3 2 3 1
-52.75253160 3 5 4 3
-52.75253160 3 5 4 1
-52.75253160 3 3 4 1
-52.93530041 3 2 5 4
-53.02847625 3 7 5 3
-53.02847625 3 7 5 1
-53.02847625 3 7 3 1
-53.56236197 3 0 7 5
-53.68261049 3 2 0 5
-54.01488906 3 0 5 4
-56.52153559 3 2 7 5
-56.66546213 2 0 3
-57.78859565 1 3
-57.96472340 3 7 5 4
-58.39553522 2 2 3
-58.62335041 2 4 3
-58.89930946 3 0 7 3
-59.14005508 3 2 4 3
-59.14937151 3 2 0 3
-59.27187617 2 7 3
-59.43622503 3 0 4 3
-64.10242337 3 2 7 3
-65.82918443 3 7 4 3
-72.31696439 2 2 1
-73.04498994 2 7 1
-73.61177879 1 1
-74.66679745 3 2 4 1
-75.13909915 3 0 7 1
-75.17060174 2 0 1
-75.17274356 3 2 0 1
-75.18549316 2 4 1
-76.09663786 3 2 7 1
-76.59386441 1 2
-77.48549967 2 2 4
-77.51048950 2 0 7
-77.68434137 2 2 0
-77.69329087 1 7
-78.06086760 3 0 4 1
-78.63142924 2 2 7
-79.16195748 1 0
-79.26091140 3 7 4 1
-79.63927862 1 4
-79.77405862 0 
-80.32921369 3 2 0 4
-80.63777703 2 0 4
-80.91271461 3 2 0 7
-82.08780369 2 7 4
-84.05134839 3 2 7 4
-84.41283999 3 0 7 4
7 64
-125.73646646 1 4
-126.51841740 2 4 3
-126.85620261 2 5 4
-127.19696750 2 0 4
-128.18499153 2 4 6
-128.48031389 2 4 1
-129.35580564 3 0 4 1
-129.65937055 3 0 5 4
-129.73284269 3 0 4 3
-130.91736059 2 2 4
-130.97203045 3 0 4 6
-131.15245846 3 5 4 1
-131.15245846 3 5 4 3
-131.15245846 3 3 4 1
-131.80873351 3 2 4 3
-132.13011468 3 2 5 4
-132.55573213 3 4 6 1
-133.59805945 3 4 5 6
-133.72425142 3 4 6 3
-133.93631204 3 2 0 4
-135.55125203 3 2 4 1
-137.48320931 3 2 4 6
-164.93463777 1 2
-165.97884387 2 2 3
-166.35880314 2 2 5
-166.97220260 2 2 6
-167.02065675 2 2 0
-167.68017069 2 2 1
-168.31536407 1 6
-168.69035834 3 2 0 5
-168.85967368 3 2 0 1
-169.27023621 3 2 0 3
-169.44050987 1 5
-169.52995760 2 0 6
-169.73363571 1 3
-169.92260201 3 2 5 3
-169.92260201 3 2 5 1
-169.92260201 3 2 3 1
-170.24902999 3 2 0 6
-170.39613182 0 
-170.43601563 2 0 5
-171.12366096 2 6 1
-171.18142558 1 0
-171.21691623 2 6 3
-171.34258822 2 5 6
-171.45984416 3 2 6 1
-171.49207118 2 0 3
-171.62642182 3 0 6 1
-171.65792441 2 0 1
-171.68573202 3 2 6 3
-171.69044981 1 1
-172.05754616 2 5 3
-172.05754616 2 5 1
-172.05754616 2 3 1
-172.06392481 3 2 5 6
-172.61211566 3 0 5 3
-172.61211566 3 0 5 1
-172.61211566 3 0 3 1
-173.52774158 3 0 5 6
-173.72591850 3 0 6 3
-173.85008578 3 5 3 1
-175.27408006 3 5 6 3
-175.27408006 3 5 6 1
-175.27408006 3 3 6 1
