8
0 64
-18.73533620 1 2
-18.93788990 1 4
-19.14447132 1 7
-19.25129908 0 
-19.41815516 2 1 4
-19.58043455 2 2 7
-19.69884687 2 2 4
-19.71601541 2 7 1
-19.88563016 2 2 1
-19.99358149 1 1
-20.04250379 2 2 3
-20.11674435 1 3
-20.16480405 1 5
-20.17002110 1 6
-20.18533568 2 2 5
-20.21491972 2 2 6
-20.31064029 2 3 4
-20.34012312 2 7 4
-20.36639611 2 5 4
-20.41434508 2 6 4
-20.45796605 2 3 7
-20.51110576 2 7 5
-20.67661494 2 6 7
-20.75812701 3 2 7 1
-20.78670360 3 2 1 4
-20.85206230 2 6 1
-20.88804993 3 1 7 4
-20.89753688 2 3 5
-20.89753688 2 3 1
-20.89753688 2 1 5
-20.91522490 2 6 3
-20.93076505 2 6 5
-21.00723148 3 5 1 4
-21.00723148 3 3 5 4
-21.00723148 3 3 1 4
-21.02141979 3 6 1 4
-21.08976779 3 3 1 5
-21.28496068 3 5 7 1
-21.28496068 3 3 7 5
-21.28496068 3 3 7 1
-21.29958066 3 6 7 1
-21.46789424 3 2 3 5
-21.46789424 3 2 3 1
-21.46789424 3 2 1 5
-21.49588180 3 2 3 7
-21.49683442 3 2 6 1
-21.53096455 3 2 6 3
-21.59117920 3 2 3 4
-21.60716074 3 2 7 5
-21.60994359 3 2 6 5
-21.65037852 3 2 5 4
-21.77539632 3 6 3 4
-21.80339864 3 6 3 5
-21.80339864 3 6 3 1
-21.80339864 3 6 1 5
-21.81393028 3 6 5 4
-21.98500579 3 6 7 5
-22.00201296 3 6 3 7
-22.34820949 3 3 7 4
-22.37722250 3 2 7 4
-22.40968752 3 5 7 4
-22.43248122 3 2 6 4
-22.44898198 3 2 6 7
-23.25005163 3 6 7 4
1 64
-3.29658413 2 3 5
-3.48881505 3 3 0 5
-3.57959820 3 6 3 5
-4.36546889 3 3 7 5
-4.41520002 3 3 5 4
-5.04183794 3 2 3 5
-9.56593694 2 5 4
-10.20677230 3 5 0 4
-11.07513120 3 6 5 4
-11.67397786 1 5
-11.79984174 2 2 5
-11.89495306 3 5 7 4
-12.40671069 2 0 5
-12.58490495 2 6 5
-12.90210387 3 6 3 7
-12.98762009 3 2 5 4
-13.02351360 2 7 5
-13.08240029 3 2 0 5
-13.37161592 2 6 4
-13.45753853 3 6 0 5
-13.63579331 3 6 3 4
-13.79736853 3 0 7 5
-13.91874225 3 6 7 4
-13.95305548 3 2 6 5
-13.97328226 2 6 3
-13.97869064 3 6 0 4
-14.65949981 3 6 7 5
-14.68589994 3 2 7 5
-14.86145599 3 6 3 0
-14.90148444 2 6 7
-15.06626032 1 6
-15.52445015 3 6 0 7
-15.74830152 2 6 0
-16.40596023 2 7 4
-16.84880110 2 2 6
-16.95388704 3 0 7 4
-17.66176960 3 2 6 3
-17.85554257 3 2 6 4
-17.93575596 3 3 7 4
-18.13071580 3 2 6 0
-18.70761085 3 2 6 7
-21.08204635 3 2 7 4
-21.42032756 1 7
-21.99187165 2 0 7
-22.49973783 2 3 7
-22.65893863 1 4
-23.13920390 2 0 4
-23.29281966 2 2 7
-23.32673246 3 3 0 7
-23.50589811 0 
-24.05495445 2 3 4
-24.24818052 1 0
-24.41140989 1 3
-24.47051212 3 2 0 7
-24.75154564 3 3 0 4
-24.91120347 1 2
-25.19220242 2 3 0
-25.56531493 2 2 4
-25.71428138 3 2 3 7
-26.06149743 2 2 0
-26.65317165 3 2 0 4
-26.85043874 2 2 3
-28.12642047 3 2 3 4
-28.27582918 3 2 3 0
2 64
-163.69187138 1 4
-164.45282836 2 0 4
-164.79907904 2 3 4
-165.44886192 2 5 4
-166.07961795 3 3 0 4
-166.59824768 2 1 4
-166.73284433 3 5 0 4
-167.96679612 3 1 0 4
-168.87054506 3 5 1 4
-168.87054506 3 3 5 4
-168.87054506 3 3 1 4
-169.30000796 2 6 4
-170.20814641 2 7 4
-171.31814410 3 6 0 4
-172.12097109 3 6 3 4
-172.24524579 3 0 7 4
-172.46271872 3 6 5 4
-173.72616811 3 3 7 4
-173.78393461 3 6 1 4
-174.09885954 1 7
-174.25934766 3 5 7 4
-174.53482276 2 0 7
-174.88423253 3 1 7 4
-175.34302644 2 3 0
-175.41726699 1 3
-175.63033289 1 0
-175.83765938 2 3 7
-175.97135163 2 7 1
-176.14629578 0 
-176.87557513 3 3 0 7
-177.01346324 3 0 7 1
-177.38981658 2 7 5
-177.44364980 2 0 1
-177.55160113 1 1
-177.73043195 1 5
-177.75096358 2 0 5
-177.85629583 2 3 5
-177.85629583 2 3 1
-177.85629583 2 1 5
-178.40121824 1 6
-178.42665319 3 5 0 1
-178.42665319 3 3 0 5
-178.42665319 3 3 0 1
-178.44611686 2 6 0
-178.48587157 3 0 7 5
-178.51474684 2 6 7
-179.03238802 2 6 3
-179.05220292 3 5 7 1
-179.05220292 3 3 7 5
-179.05220292 3 3 7 1
-179.60154964 3 3 1 5
-179.64812767 3 6 3 0
-180.18375902 2 6 1
-180.28592132 3 6 3 7
-180.28711388 3 6 0 7
-180.82853114 3 6 0 1
-181.35272482 2 6 5
-182.03190337 3 6 0 5
-182.31906519 3 6 7 4
-182.32087325 3 6 7 1
-182.54093514 3 6 7 5
-182.72087536 3 6 3 5
-182.72087536 3 6 3 1
-182.72087536 3 6 1 5
3 64
-3.29658413 2 1 5
-3.48881505 3 5 0 1
-3.57959820 3 6 1 5
-4.36546889 3 5 7 1
-4.41520002 3 5 1 4
-5.04183794 3 2 1 5
-9.56593694 2 5 4
-10.20677230 3 5 0 4
-11.07513120 3 6 5 4
-11.67397786 1 5
-11.79984174 2 2 5
-11.89495306 3 5 7 4
-12.40671069 2 0 5
-12.58490495 2 6 5
-12.98762009 3 2 5 4
-13.02351360 2 7 5
-13.08240029 3 2 0 5
-13.45753853 3 6 0 5
-13.79736853 3 0 7 5
-13.95305548 3 2 6 5
-14.65949981 3 6 7 5
-14.68589994 3 2 7 5
-18.55213346 2 6 1
-18.83388708 3 6 7 1
-19.50346979 3 6 0 1
-19.64511152 1 6
-20.27628129 2 2 6
-20.39031532 2 6 0
-20.83326765 2 6 7
-21.08924980 3 2 6 1
-21.59232613 3 2 6 0
-21.71256766 2 6 4
-21.97674505 3 6 1 4
-22.15866567 3 6 0 7
-22.60444212 3 2 6 7
-23.07361890 3 6 0 4
-24.53353079 3 2 6 4
-24.78207686 3 6 7 4
-36.56176419 1 7
-37.64117446 2 7 1
-37.66996954 1 2
-37.87525892 2 0 7
-38.30056404 2 2 7
-38.39899833 0 
-38.63502648 2 7 4
-38.97713714 2 2 0
-39.04368373 1 4
-39.21011973 3 0 7 1
-39.26444359 1 0
-39.30451011 1 1
-39.60920481 2 2 1
-40.15089140 2 2 4
-40.16482222 3 1 7 4
-40.20846550 2 0 1
-40.21601129 3 2 0 7
-40.41643413 2 0 4
-40.43969955 2 1 4
-40.64311286 3 0 7 4
-40.72202576 3 2 7 1
-41.19146889 3 2 0 1
-42.02877587 3 1 0 4
-42.04322372 3 2 0 4
-42.15304818 3 2 7 4
-42.71199693 3 2 1 4
4 64
-125.05431592 3 2 7 1
-126.14143502 2 7 1
-126.66317439 3 2 7 5
-127.26508923 2 2 7
-127.31346954 3 0 7 1
-128.66508277 3 3 7 5
-128.66508277 3 3 7 1
-128.66508277 3 5 7 1
-129.66331114 3 6 7 1
-129.79364331 2 7 5
-130.06187718 3 2 0 7
-130.64605333 2 6 7
-131.11757337 3 2 3 7
-131.15580236 1 7
-131.69222508 3 0 7 5
-132.35145415 2 0 7
-133.21949002 3 6 0 7
-133.22906465 2 3 7
-134.45037167 3 2 6 7
-134.59486254 3 6 3 7
-134.79102267 3 6 7 5
-135.11930808 3 3 0 7
-162.46545203 1 2
-163.11956350 2 2 1
-163.42896271 2 2 0
-164.02063694 3 2 0 1
-164.94637389 2 2 3
-165.03457727 2 2 5
-166.22235562 3 2 3 5
-166.22235562 3 2 1 5
-166.22235562 3 2 3 1
-166.49504929 3 2 3 0
-166.49962011 3 2 0 5
-168.13332468 2 2 6
-169.14006616 3 2 6 1
-170.35088619 3 2 6 0
-171.58426980 3 2 6 5
-172.39057418 3 2 6 3
-173.49749062 2 0 1
-174.07291695 1 1
-174.60646724 1 0
-174.91987643 0 
-175.20810639 2 3 5
-175.20810639 2 3 1
-175.20810639 2 1 5
-175.31780098 3 5 0 1
-175.31780098 3 3 0 5
-175.31780098 3 3 0 1
-175.53989057 2 6 1
-175.56456183 1 3
-175.70924806 3 6 0 1
-175.75845777 2 3 0
-176.32672227 3 3 1 5
-177.23453497 1 6
-177.31614731 1 5
-177.47885894 2 6 0
-177.51773937 2 0 5
-178.96450216 3 6 3 5
-178.96450216 3 6 3 1
-178.96450216 3 6 1 5
-179.30199111 2 6 3
-180.16216252 3 6 3 0
-180.47427590 2 6 5
-181.35744114 3 6 0 5
5 64
-3.29658413 2 3 1
-3.48881505 3 3 0 1
-3.57959820 3 6 3 1
-4.36546889 3 3 7 1
-4.41520002 3 3 1 4
-5.04183794 3 2 3 1
-12.90210387 3 6 3 7
-13.63579331 3 6 3 4
-13.97328226 2 6 3
-14.86145599 3 6 3 0
-17.66176960 3 2 6 3
-17.93575596 3 3 7 4
-18.55213346 2 6 1
-18.83388708 3 6 7 1
-19.07587171 2 6 7
-19.50346979 3 6 0 1
-20.38426256 3 6 0 7
-21.03348883 1 6
-21.08924980 3 2 6 1
-21.79423278 2 6 0
-21.97674505 3 6 1 4
-22.49973783 2 3 7
-23.10206000 3 2 6 7
-23.22084105 3 6 7 4
-23.32673246 3 3 0 7
-23.98499541 2 2 6
-24.05495445 2 3 4
-24.27322977 2 6 4
-24.41140989 1 3
-24.75154564 3 3 0 4
-25.19220242 2 3 0
-25.38001929 3 2 6 0
-25.67281497 3 6 0 4
-25.71428138 3 2 3 7
-26.85043874 2 2 3
-27.43594053 3 2 6 4
-28.12642047 3 2 3 4
-28.27582918 3 2 3 0
-37.64117446 2 7 1
-39.21011973 3 0 7 1
-39.30451011 1 1
-39.60920481 2 2 1
-40.16482222 3 1 7 4
-40.20846550 2 0 1
-40.43969955 2 1 4
-40.72202576 3 2 7 1
-41.19146889 3 2 0 1
-42.02877587 3 1 0 4
-42.71199693 3 2 1 4
-44.67582938 2 7 4
-46.03798843 1 7
-46.74539379 3 0 7 4
-47.40462286 2 0 7
-48.72703063 3 2 7 4
-49.32894548 2 2 7
-51.13643037 0 
-51.35567167 3 2 0 7
-52.04993533 1 0
-52.72056654 1 2
-53.53270125 1 4
-54.17056603 2 2 0
-54.96120746 2 0 4
-55.28969178 2 2 4
-57.24122343 3 2 0 4
6 64
-51.93686161 1 5
-52.70282261 2 0 5
-52.84778870 2 3 5
-52.84778870 2 3 1
-52.84778870 2 1 5
-53.13080277 3 3 1 5
-53.75365046 3 5 0 1
-53.75365046 3 3 0 5
-53.75365046 3 3 0 1
-55.09499021 2 5 4
-55.29825551 2 7 5
-55.55915449 2 2 5
-56.54252438 3 5 0 4
-56.60418447 3 5 1 4
-56.60418447 3 3 5 4
-56.60418447 3 3 1 4
-56.77215555 3 0 7 5
-56.93424172 3 5 7 1
-56.93424172 3 3 7 5
-56.93424172 3 3 7 1
-56.98376239 3 2 0 5
-57.71236823 3 2 3 5
-57.71236823 3 2 3 1
-57.71236823 3 2 1 5
-60.29563487 3 5 7 4
-60.44937407 3 2 7 5
-62.10884701 3 2 5 4
-63.28591633 1 3
-64.08439689 2 3 0
-66.53187568 2 3 7
-66.90103736 2 2 3
-67.02334562 2 3 4
-67.89767358 3 3 7 4
-68.07592259 3 3 0 7
-68.38949812 3 2 3 0
-68.48810164 3 3 0 4
-70.98013762 3 2 3 7
-73.60016536 1 1
-74.34523766 3 2 3 4
-74.45864617 2 0 1
-75.06713898 2 1 4
-75.74152910 2 7 1
-76.23232325 2 2 1
-76.67040361 3 1 0 4
-77.32509435 3 0 7 1
-77.84352751 3 2 0 1
-79.26340522 3 1 7 4
-81.75062320 2 7 4
-82.03980315 0 
-82.09105073 3 2 7 1
-82.25282590 3 2 1 4
-82.26037223 1 7
-82.95852516 1 0
-83.79251585 2 0 7
-84.29472561 1 2
-84.35446169 1 4
-84.66055172 3 0 7 4
-85.77430914 2 2 0
-85.83091687 2 0 4
-86.67625954 2 2 7
-89.54480697 3 2 0 7
-89.96259826 2 2 4
-92.69623261 3 2 0 4
-93.86154198 3 2 7 4
7 64
-119.39718523 2 5 4
-121.44047664 3 5 0 4
-121.72620136 3 3 5 4
-121.72620136 3 3 1 4
-121.72620136 3 5 1 4
-122.00107869 2 1 4
-123.47097346 3 1 0 4
-124.59782989 3 6 5 4
-125.65021861 2 6 4
-126.19734493 3 6 1 4
-127.84539984 2 3 4
-128.20767097 3 2 5 4
-128.25405709 1 4
-128.48592516 3 6 0 4
-128.71972780 3 6 3 4
-129.65629032 2 0 4
-129.88296904 3 3 0 4
-130.28706354 3 2 1 4
-134.77033212 2 2 4
-136.77248891 3 2 3 4
-137.44870775 3 2 0 4
-138.66927584 3 2 6 4
-166.57907386 2 2 5
-166.91968922 1 5
-167.26599093 2 0 5
-168.00089892 3 2 0 5
-168.26922497 2 3 5
-168.26922497 2 3 1
-168.26922497 2 1 5
-168.35231112 2 2 1
-168.65664877 3 5 0 1
-168.65664877 3 3 0 5
-168.65664877 3 3 0 1
-169.22480797 3 2 0 1
-169.33810972 3 3 1 5
-169.46513206 3 2 3 5
-169.46513206 3 2 3 1
-169.46513206 3 2 1 5
-169.65499454 2 0 1
-169.93256062 1 1
-169.97069492 1 2
-170.18089703 1 3
-170.28108312 2 6 5
-170.52211873 2 3 0
-170.60128942 2 2 3
-170.81579328 2 2 0
-171.33532387 3 6 0 5
-171.46929344 3 2 6 5
-171.91130340 1 0
-172.01813116 0 
-172.05466743 3 2 3 0
-172.07392437 2 6 1
-172.23870025 1 6
-172.35222885 2 2 6
-172.35567799 3 6 3 5
-172.35567799 3 6 3 1
-172.35567799 3 6 1 5
-172.52144272 3 6 0 1
-172.74529409 2 6 0
-173.42685637 2 6 3
-174.21103860 3 2 6 1
-174.51364443 3 6 3 0
-174.58629111 3 2 6 0
-174.68038967 3 2 6 3
