8
0 64
-28.37925598 1 1
-28.49913195 1 5
-29.53264890 1 6
-29.59882789 2 3 5
-29.76800655 0 
-29.83433433 2 5 1
-30.35656073 2 3 1
-30.46371180 1 3
-30.60523668 2 6 5
-30.75166597 1 7
-30.95483256 2 6 1
-31.02169102 1 2
-31.27913131 2 7 1
-31.32045540 2 2 1
-31.41683190 2 2 7
-31.41802484 2 7 5
-31.49310377 2 4 1
-31.59529788 3 5 3 1
-31.61069391 2 2 5
-31.66451272 1 4
-31.98776476 2 7 6
-32.19900981 2 2 6
-32.46006284 3 6 5 3
-32.55517326 2 3 6
-32.81388893 2 4 5
-33.13084243 2 4 3
-33.14930644 3 2 7 1
-33.25255964 3 5 6 1
-33.31829973 2 7 3
-33.55276192 2 2 3
-33.72751195 3 2 7 5
-33.80556019 3 6 1 3
-33.83973680 2 4 6
-33.85533021 3 4 3 5
-33.91073688 2 4 7
-34.23815671 2 4 2
-34.27231841 3 2 3 5
-34.27288012 3 4 5 1
-34.45501816 3 7 3 5
-34.60033541 3 4 3 1
-34.64334467 3 7 5 1
-34.65097760 3 2 5 1
-34.97019441 3 2 7 6
-34.97843289 3 2 3 1
-35.32842324 3 4 2 3
-35.34256307 3 2 7 3
-35.35691042 3 4 6 1
-35.45221163 3 7 6 5
-35.46738202 3 2 6 1
-35.56835397 3 7 6 1
-35.60791191 3 2 6 5
-35.81099315 3 7 3 1
-36.24772899 3 4 7 1
-36.29745743 3 4 2 7
-36.54732485 3 4 2 1
-36.62782048 3 4 7 3
-36.76008933 3 4 2 5
-37.01083295 3 4 3 6
-37.02443045 3 4 7 5
-37.38011572 3 4 2 6
-37.39489420 3 4 6 5
-37.39840533 3 7 3 6
-37.50760089 3 2 3 6
-37.52065840 3 4 7 6
1 64
-13.80778899 2 3 5
-14.69031560 3 4 3 5
-15.33557365 3 6 5 3
-15.80425897 3 0 3 5
-16.08383014 3 2 3 5
-17.42948042 3 7 3 5
-32.99464885 1 5
-34.32985123 2 0 5
-35.05888243 2 4 5
-35.46202577 2 2 5
-35.53262965 2 6 5
-36.25997701 2 7 5
-36.51787362 3 4 0 5
-36.84104268 3 4 6 5
-37.16425227 3 4 2 5
-38.17995260 3 0 6 5
-38.50230946 3 2 0 5
-38.65188482 2 3 6
-39.48497550 3 7 3 6
-39.48529683 3 7 0 5
-39.66962040 3 4 3 6
-39.73115686 3 7 6 5
-39.79081055 3 2 6 5
-39.90227175 3 0 3 6
-40.61793194 3 2 7 5
-42.10974548 3 4 7 5
-43.95558641 3 2 3 6
-44.26642190 1 6
-45.55434876 2 7 6
-45.68860556 2 0 6
-46.43257685 2 4 6
-47.60776132 2 2 6
-47.94975048 3 4 0 6
-49.13493796 3 7 0 6
-49.59362488 3 4 7 6
-50.20153832 3 2 7 6
-50.87613353 3 2 0 6
-53.78626641 3 4 2 6
-58.29674244 1 0
-58.94408037 1 7
-59.47154571 2 7 0
-59.68549301 0 
-60.26264512 2 0 3
-60.32889441 2 4 0
-60.36979618 1 3
-60.50030336 1 4
-60.83839280 2 7 3
-61.00290729 1 2
-61.24899004 2 2 7
-61.30167168 2 2 0
-62.25571413 2 4 3
-62.98146457 3 2 7 0
-63.05503946 2 4 7
-63.33108622 3 7 0 3
-63.72520711 3 4 0 3
-63.74972857 2 2 3
-64.86486809 2 4 2
-65.17539955 3 2 0 3
-65.38449607 3 4 7 3
-65.39203157 3 4 7 0
-66.23556783 3 2 7 3
-67.17403623 3 4 2 0
-68.86332676 3 4 2 3
-70.25477674 3 4 2 7
2 64
-631.00224938 2 4 3
-633.19983019 3 4 0 3
-635.67966574 2 4 5
-636.86485681 3 4 3 5
-637.60986201 3 4 3 1
-637.78503557 3 4 5 1
-638.83453517 3 4 7 3
-639.62586614 3 4 0 5
-642.06497975 3 4 3 6
-643.39994738 3 4 7 5
-647.27900912 3 4 6 5
-649.44700197 2 4 6
-650.63109922 1 4
-652.98738090 3 4 0 6
-653.20474321 2 4 0
-654.99566395 2 4 1
-656.80069152 3 4 6 1
-658.00591697 2 4 7
-660.04988503 3 4 0 1
-660.39263753 3 4 7 0
-661.53411361 2 7 3
-661.80600893 2 7 5
-663.55837695 3 7 0 3
-663.76836280 3 4 7 6
-664.11549604 3 7 0 5
-665.20565426 3 4 7 1
-665.73327676 3 7 3 5
-666.16396386 3 7 5 1
-666.93128863 3 7 3 1
-672.25961947 3 7 3 6
-672.36165716 3 7 6 5
-676.30158602 1 7
-676.96675196 2 7 0
-677.18229239 1 3
-678.18466762 1 5
-678.59924437 2 7 6
-678.60649569 2 7 1
-680.03722160 2 3 5
-680.27134251 2 0 3
-680.47667081 3 7 0 1
-680.56222478 2 3 1
-680.65204455 2 5 1
-681.29622959 2 0 5
-681.58167403 3 7 0 6
-682.31326275 3 5 3 1
-682.94363949 2 3 6
-683.24643393 3 7 6 1
-683.76909830 2 6 5
-684.71071211 3 0 3 5
-685.18409694 3 0 3 1
-685.46868782 3 5 1 0
-687.40020768 3 6 5 3
-687.89606713 3 0 3 6
-688.02727920 3 5 6 1
-688.24734108 3 6 1 3
-688.77177353 3 0 6 5
-691.47890101 1 6
-694.14526193 2 0 6
-694.82024044 2 6 1
-695.67465716 0 
-696.92834163 1 0
-696.99207144 1 1
-699.33278990 3 0 6 1
-699.93327087 2 0 1
3 64
-10.10095136 2 5 1
-10.25799888 3 5 6 1
-11.76216956 3 2 5 1
-11.81266195 3 4 5 1
-11.86191491 3 5 1 0
-13.19571298 3 7 5 1
-29.28781122 1 5
-30.38750717 2 0 5
-30.45505487 2 6 5
-31.14036519 2 2 5
-32.02620957 2 7 5
-32.18122878 2 4 5
-32.30988103 3 0 6 5
-33.22267007 3 4 0 5
-33.36641986 3 4 2 5
-33.80198969 3 2 0 5
-34.08616425 3 2 6 5
-35.06320288 3 7 0 5
-35.16230188 3 7 6 5
-35.32469519 3 4 6 5
-35.95347739 3 2 7 5
-36.84093321 3 4 7 5
-93.80529189 3 2 6 1
-97.45746680 2 2 6
-98.60034439 3 2 7 6
-98.87059604 3 7 6 1
-100.37819124 2 6 1
-102.76605788 3 2 0 6
-103.22891887 3 0 6 1
-104.17190922 3 4 2 6
-104.79097499 3 4 6 1
-104.93996930 2 7 6
-105.99272832 1 6
-109.01525268 2 0 6
-109.03228643 3 4 7 6
-110.35060987 3 7 0 6
-111.55393144 2 4 6
-114.72502759 3 4 0 6
-186.37978210 3 4 2 7
-196.92183967 2 2 7
-200.84757083 3 2 7 0
-201.90841746 3 2 7 1
-203.82001491 1 2
-205.55116390 2 4 7
-205.90016666 2 4 2
-206.35108581 2 2 0
-206.56683619 2 2 1
-206.99043319 3 4 2 0
-207.88062051 3 4 7 1
-208.26824750 3 4 7 0
-209.89862533 3 4 2 1
-210.22481368 3 2 0 1
-211.68931208 1 7
-213.58362451 2 7 1
-214.25594584 2 7 0
-218.11548635 3 7 0 1
-222.31237968 0 
-222.99668286 1 1
-223.00808493 1 0
-224.97398761 2 0 1
-225.52901650 1 4
-226.99534621 2 4 0
-227.28442726 2 4 1
-230.39165890 3 4 0 1
4 64
-437.45951703 3 2 7 3
-442.29519541 3 2 7 5
-448.00157461 2 2 7
-451.04235832 3 2 7 6
-452.88220014 3 2 7 0
-457.00736132 3 2 7 1
-460.15909548 2 7 3
-460.70125696 2 7 5
-463.46861622 3 7 0 3
-464.70519874 3 7 3 1
-465.51598060 3 7 3 5
-465.87323989 2 7 6
-466.29724366 1 7
-466.30766257 3 7 0 5
-466.55102544 3 7 5 1
-469.45631457 2 7 0
-469.91251601 3 7 6 1
-469.96555703 3 7 3 6
-470.32738928 3 7 6 5
-470.40820275 2 7 1
-471.40613354 3 7 0 6
-475.37680042 3 7 0 1
-641.08735434 1 2
-643.16750609 2 2 3
-644.30382003 2 2 0
-644.94316741 3 2 0 3
-644.94931513 2 2 1
-646.75405135 2 2 5
-647.61668074 2 2 6
-648.28110427 3 2 3 1
-648.45627784 3 2 5 1
-648.98010601 3 2 3 5
-650.17618458 3 2 0 1
-651.90344676 3 2 0 5
-652.79778665 3 2 0 6
-653.79518582 3 2 6 1
-654.33112316 3 2 3 6
-658.20895438 3 2 6 5
-686.13091228 0 
-686.94572263 1 1
-688.02741845 1 0
-689.25905323 1 5
-689.34754909 1 3
-689.64857978 1 6
-690.05957042 2 0 1
-691.23346704 2 3 1
-691.32328681 2 5 1
-691.81473473 2 6 1
-692.01467973 2 0 3
-692.15247079 2 3 5
-693.03499741 3 5 3 1
-693.57381021 2 0 5
-693.95566768 2 0 6
-694.69904356 2 6 5
-695.20978290 2 3 6
-695.47724172 3 0 3 1
-695.76183260 3 5 1 0
-696.00745659 3 5 6 1
-696.21681260 3 0 6 1
-696.22751848 3 6 1 3
-696.40897311 3 0 3 5
-699.56868388 3 6 5 3
-699.66544260 3 0 3 6
-701.48870108 3 0 6 5
5 64
-4.60296380 2 3 1
-5.84170095 3 0 3 1
-6.08361161 3 6 1 3
-6.35400177 3 2 3 1
-6.40449417 3 4 3 1
-6.95543714 3 7 3 1
-29.30481236 3 0 3 6
-29.39992278 2 3 6
-30.18873270 3 7 3 6
-33.75882375 3 4 3 6
-33.85649096 3 2 3 6
-50.30008709 2 0 3
-50.36434952 2 7 3
-51.16497099 1 3
-51.50106795 3 7 0 3
-53.96989270 2 4 3
-54.01990021 2 2 3
-54.56351267 3 2 7 3
-54.69438047 3 4 0 3
-54.73945669 3 2 0 3
-55.72123465 3 4 7 3
-59.83250012 3 4 2 3
-89.41084273 3 2 6 1
-93.72881290 3 2 7 6
-94.14320822 3 7 6 1
-96.20380397 2 6 1
-97.22779351 2 2 6
-98.50153105 3 0 6 1
-99.96640011 2 7 6
-100.39652583 3 4 6 1
-100.63669561 3 2 0 6
-103.43084699 3 7 0 6
-104.42054950 3 4 7 6
-104.93759623 1 6
-106.01018401 2 0 6
-107.82006715 3 4 2 6
-109.98806000 2 4 6
-113.54321740 3 4 0 6
-194.90081684 3 2 7 1
-201.15866840 2 2 1
-203.48617136 3 4 7 1
-204.48919060 3 2 0 1
-204.66563111 3 4 2 1
-207.34334867 2 7 1
-209.82549574 3 4 2 7
-210.70756202 3 7 0 1
-215.53187494 2 2 7
-217.49869529 1 1
-217.84255499 3 2 7 0
-218.95377365 2 0 1
-221.87625948 2 4 1
-224.43146534 2 4 7
-224.65603582 3 4 0 1
-226.69954992 1 2
-227.28855281 2 2 0
-227.54515891 3 4 7 0
-230.02745203 1 7
-230.69381091 2 7 0
-232.36624693 2 4 2
-234.88817954 3 4 2 0
-242.92066485 1 0
-244.18953946 0 
-247.31768041 1 4
-248.46705662 2 4 0
6 64
-204.62502213 1 5
-205.79226578 2 3 5
-205.83940264 2 3 1
-206.73112686 2 0 5
-207.16300293 2 5 1
-207.32005045 3 5 3 1
-208.65350073 3 0 3 5
-209.28840209 3 0 3 1
-209.81173852 2 7 5
-210.06501246 2 4 5
-210.20945280 2 2 5
-210.58122824 3 5 1 0
-210.83345408 3 4 3 1
-211.77003035 3 7 3 1
-211.84717271 3 4 5 1
-212.94783083 3 7 3 5
-213.15525186 3 2 3 5
-213.20847887 3 4 3 5
-213.28291837 3 7 5 1
-213.52451894 3 2 3 1
-213.84592531 3 7 0 5
-214.20667080 3 2 0 5
-214.53823758 3 2 5 1
-214.64601773 3 4 0 5
-219.43787084 3 4 7 5
-220.36738674 3 2 7 5
-221.66435584 3 4 2 5
-227.55731400 1 3
-229.64877546 2 0 3
-233.12344765 2 7 3
-233.31866110 2 2 3
-233.41954781 2 4 3
-237.20355325 3 7 0 3
-237.27350008 3 2 0 3
-237.29953833 3 4 0 3
-242.92990921 3 4 7 3
-243.84895351 3 2 7 3
-244.48227817 3 4 2 3
-325.98737209 3 4 7 1
-326.28606325 2 2 1
-326.48305882 2 7 1
-328.45789425 1 1
-330.43298986 3 2 0 1
-330.77228148 3 7 0 1
-331.03347083 2 0 1
-331.12299707 3 2 7 1
-333.32690635 2 4 1
-335.13193393 3 4 2 1
-337.19071301 3 4 0 1
-339.44878667 2 4 7
-339.68120922 1 2
-339.87279043 1 7
-340.85852801 2 2 0
-341.10888923 2 7 0
-342.17044879 2 2 7
-343.05870820 3 4 7 0
-343.64160771 1 0
-343.87696536 0 
-345.21123250 3 4 2 7
-345.72381129 3 2 7 0
-346.21053561 2 4 2
-347.39463287 1 4
-349.35249463 3 4 2 0
-349.56985694 2 4 0
7 64
-441.88937982 2 4 5
-444.79774229 2 4 3
-446.09992134 3 4 0 5
-446.54908425 3 4 3 5
-447.92652423 3 4 3 1
-448.29472034 3 4 0 3
-448.94024287 3 4 5 1
-449.60966146 3 4 2 5
-451.26223820 3 4 6 5
-452.63002808 3 4 2 3
-454.30810369 3 4 3 6
-456.82974870 2 4 6
-459.99079672 3 4 6 1
-460.51067030 3 4 0 6
-464.77559489 1 4
-467.02181905 2 4 0
-467.33033099 2 4 1
-471.15110953 3 4 2 6
-472.08495620 3 4 0 1
-472.15041264 2 4 2
-474.20971336 3 4 2 0
-477.54032130 3 4 2 1
-654.06851740 2 2 5
-656.18533544 3 2 0 5
-658.33801713 2 2 3
-658.88162960 3 2 3 5
-659.22442356 3 2 5 1
-660.12781828 3 2 0 3
-660.82385639 3 2 3 1
-664.22645134 3 2 6 5
-665.23619238 1 2
-665.48227512 2 2 1
-665.63133326 2 2 0
-667.31112615 3 2 0 1
-667.72543195 2 2 6
-668.86830954 3 2 3 6
-670.31920894 3 2 6 1
-670.44717609 1 5
-670.49661655 3 2 0 6
-673.18557444 2 3 5
-673.36606899 2 0 5
-673.71250425 2 5 1
-673.98619591 1 3
-674.45479253 2 3 1
-675.63389247 2 6 5
-676.80726587 3 5 3 1
-676.84078384 2 0 3
-678.04176470 3 0 3 5
-678.52151458 3 5 1 0
-679.55232956 2 3 6
-679.83241969 3 5 6 1
-679.90922495 3 0 3 1
-680.34113948 3 6 5 3
-680.38542024 3 6 1 3
-680.48086743 3 0 6 5
-680.60508859 1 6
-681.89301544 2 6 1
-683.06020445 2 0 6
-683.86785087 1 1
-684.39556164 3 0 3 6
-684.60926352 0 
-685.59292293 1 0
-686.50653685 3 0 6 1
-686.76772621 2 0 1
