8
0 64
-50.04830186 0 
-52.62467792 1 2
-53.21687522 1 3
-53.32608787 1 5
-53.39707383 1 1
-53.46639084 1 7
-53.49325500 1 6
-53.49985625 1 4
-58.92139574 2 7 4
-59.17530813 2 4 2
-59.36002294 2 6 2
-59.36071543 2 7 2
-59.38943880 2 3 2
-59.40966440 2 5 2
-59.42574413 2 1 2
-59.50118307 2 4 3
-59.59131207 2 5 4
-59.65007689 2 3 6
-59.71459870 2 4 6
-59.85593405 2 5 6
-59.87552257 2 7 3
-59.96068760 2 7 6
-59.99744834 2 7 5
-60.01631772 2 1 5
-60.01631772 2 1 3
-60.03483730 2 5 3
-60.26066904 2 1 7
-60.27462774 2 1 6
-60.30224101 2 1 4
-71.39084126 3 7 4 2
-71.86499406 3 4 3 2
-71.90770596 3 5 4 2
-71.98340839 3 4 6 2
-72.02342437 3 7 4 3
-72.15851424 3 7 5 4
-72.23259308 3 7 4 6
-72.55643282 3 7 6 2
-72.64292015 3 7 3 2
-72.64545022 3 1 7 4
-72.66962299 3 7 5 2
-72.75776450 3 3 6 2
-72.87217833 3 5 6 2
-72.87851320 3 3 4 6
-72.88775031 3 1 4 2
-73.05811229 3 5 4 6
-73.06558092 3 1 7 2
-73.07544833 3 1 6 2
-73.09535961 3 1 5 2
-73.09535961 3 1 3 2
-73.11496871 3 5 3 2
-73.19388402 3 1 5 4
-73.19388402 3 1 4 3
-73.20606000 3 3 7 6
-73.22722353 3 5 4 3
-73.40029391 3 1 4 6
-73.42674043 3 7 5 6
-73.44635550 3 1 3 6
-73.44635550 3 1 5 6
-73.46558745 3 3 5 6
-73.57783008 3 7 5 1
-73.57783008 3 1 7 3
-73.60164185 3 7 5 3
-73.60655837 3 1 7 6
-73.83182828 3 1 5 3
1 64
-18.81369723 2 5 3
-32.04870301 3 5 4 3
-32.38050212 3 7 5 3
-32.57258721 3 5 3 2
-32.59181917 3 3 5 6
-32.61068821 3 5 0 3
-39.87268062 1 5
-40.90535437 2 5 2
-46.34166809 2 5 6
-46.56291047 2 5 0
-46.62363846 2 7 5
-46.77425354 2 5 4
-46.86928895 1 6
-48.11153904 2 3 6
-52.31690716 2 7 6
-53.20075443 2 6 2
-53.65066169 2 0 6
-53.77333917 2 4 6
-53.91068993 3 5 4 2
-54.45877766 3 5 6 2
-54.45900365 3 7 5 2
-54.59104958 3 5 0 2
-58.55712813 3 3 7 6
-59.69596232 3 7 5 4
-59.93208954 3 5 0 6
-59.96373068 3 7 5 6
-60.12592689 3 5 4 6
-60.20402020 3 7 5 0
-60.37682549 3 5 0 4
-61.36284309 3 3 4 6
-61.67561758 3 3 6 2
-61.90781764 3 3 0 6
-64.40993070 3 7 6 2
-65.52009218 3 7 4 6
-65.96277794 3 7 0 6
-66.87000651 3 4 6 2
-66.91617982 3 0 6 2
-67.45903438 3 0 6 4
-71.89001472 1 7
-72.82548605 0 
-76.17425802 1 0
-76.21224192 1 4
-76.22476625 1 3
-76.27304601 1 2
-76.73897586 2 7 4
-78.50196618 2 7 2
-78.68429292 2 7 0
-78.75225342 2 7 3
-82.54547342 2 4 3
-83.01462668 2 0 4
-83.02420874 2 0 3
-83.07411222 2 0 2
-83.07583970 2 3 2
-83.08000210 2 4 2
-89.13593264 3 7 4 3
-89.95507557 3 7 4 2
-90.46303035 3 7 0 4
-92.18140000 3 7 3 2
-92.20683166 3 7 0 2
-92.45456093 3 7 0 3
-96.23817437 3 3 0 4
-96.29135835 3 4 3 2
-96.78176052 3 0 3 2
-96.79244428 3 0 4 2
2 64
-631.60198509 2 4 3
-638.58023573 2 5 4
-643.96579608 3 3 0 4
-644.02578975 3 7 4 3
-644.33241989 3 3 4 6
-645.34787002 3 1 4 3
-645.41569912 3 5 4 3
-645.71667213 3 1 5 4
-650.80249068 3 5 4 6
-650.89662962 3 5 0 4
-650.90470926 1 4
-651.68010059 3 7 5 4
-652.47980020 2 4 6
-655.83721143 2 7 4
-656.58016115 2 0 4
-657.77246945 2 1 4
-658.95303690 2 7 3
-663.90153481 3 7 4 6
-664.74860989 3 0 6 4
-665.19444812 2 7 5
-665.57646754 3 1 4 6
-668.30665695 3 7 0 4
-669.05331114 3 1 7 4
-670.35797875 3 1 0 4
-671.40587252 1 7
-671.44103260 3 3 7 6
-671.72043448 3 7 0 3
-672.38218349 3 1 7 3
-672.43038792 3 7 5 3
-673.02981331 3 7 5 1
-673.56989395 1 3
-674.89493218 2 7 6
-677.30019711 2 7 0
-677.59795290 3 7 5 6
-677.86662277 3 7 5 0
-678.01782398 2 1 7
-679.63430156 2 3 6
-679.74245753 2 0 3
-680.04294127 1 5
-680.42096741 2 1 3
-680.47758798 2 5 3
-681.07561503 2 1 5
-685.73591815 2 5 6
-686.12651781 2 5 0
-686.98795572 3 1 7 6
-687.49067740 3 7 0 6
-690.82273586 3 1 7 0
-692.74198917 3 3 0 6
-693.19838010 3 1 3 6
-693.25722249 3 3 5 6
-693.31813199 1 6
-693.50000930 3 1 0 3
-693.55771940 3 5 0 3
-693.85302773 3 1 5 6
-694.15465692 3 1 5 0
-694.23647797 3 1 5 3
-695.54268476 0 
-698.11906083 1 0
-698.75216243 3 5 0 6
-698.99024472 1 1
-699.18489993 2 0 6
-699.64959747 2 1 6
-705.01891502 2 1 0
-712.45041805 3 1 0 6
3 64
-17.34097241 2 1 5
-30.50183534 3 1 5 4
-30.50183534 3 1 5 2
-30.98201819 3 7 5 1
-31.15648297 3 1 5 0
-31.15648297 3 1 5 6
-38.39995579 1 5
-38.83460250 2 5 2
-44.90633189 2 5 6
-45.10870522 2 5 0
-45.22515453 2 7 5
-45.22738588 2 5 4
-52.06284926 3 5 4 2
-52.42763622 3 5 6 2
-52.46109434 3 7 5 2
-52.53990681 3 5 0 2
-58.28969115 3 7 5 4
-58.51598529 3 5 0 6
-58.57905923 3 5 4 6
-58.61345118 3 7 5 6
-58.82934804 3 7 5 0
-58.86329734 3 5 0 4
-83.59127109 2 6 2
-92.06613424 3 1 6 2
-94.03024856 3 4 6 2
-95.29123717 3 7 6 2
-96.98901265 3 0 6 2
-97.27510152 1 6
-98.51735160 2 1 6
-98.74513676 2 7 6
-102.17762887 2 4 6
-103.43192341 2 0 6
-104.98535773 3 1 7 6
-106.92380076 3 7 4 6
-109.76713278 3 1 4 6
-111.68907936 3 1 0 6
-111.99050916 3 7 0 6
-115.34154336 3 0 6 4
-193.41390889 3 7 4 2
-194.29991759 2 7 2
-194.46328414 1 2
-199.92003422 2 4 2
-201.22804501 2 0 2
-201.26607783 2 1 2
-205.22533057 2 7 4
-206.75275321 1 7
-207.58212231 3 7 0 2
-207.97935141 3 1 7 2
-212.60972015 3 0 4 2
-213.13139047 3 1 4 2
-213.16188494 2 7 0
-213.61499191 2 1 7
-214.93569331 3 1 0 2
-216.43607495 0 
-217.62228735 3 1 7 4
-218.32735920 3 7 0 4
-219.22275839 1 4
-219.60464831 1 0
-219.83535514 1 1
-225.22408522 2 0 4
-225.55598990 2 1 4
-226.45459903 2 1 0
-226.93215295 3 1 7 0
-238.44763291 3 1 0 4
4 64
-439.39315711 3 7 5 2
-440.18871927 3 7 3 2
-441.07472798 2 7 2
-446.02618105 3 7 6 2
-452.52783737 3 1 7 2
-452.90750464 2 7 5
-453.10485380 3 7 0 2
-455.11596643 2 7 3
-456.64338907 1 7
-457.01957842 2 7 6
-461.49235021 2 1 7
-462.09839397 2 7 0
-464.54715034 3 7 5 6
-465.06857054 3 7 5 0
-465.19824243 3 3 7 6
-465.49964565 3 1 7 3
-465.97204126 3 7 5 3
-465.97982849 3 7 5 1
-467.26386823 3 7 0 3
-469.29148391 3 7 0 6
-470.22276343 3 1 7 6
-473.87713140 3 1 7 0
-651.67505505 1 2
-657.13180512 2 3 2
-657.71079032 2 5 2
-658.22568525 2 0 2
-658.48201114 2 1 2
-658.54717267 2 6 2
-668.98615014 3 3 6 2
-669.47629721 3 5 6 2
-669.60736039 3 0 3 2
-670.20883188 3 5 0 2
-670.34732377 3 1 3 2
-670.71612588 3 1 5 2
-670.93903709 3 5 3 2
-671.17055813 3 0 6 2
-671.94401731 3 1 0 2
-672.21642475 3 1 6 2
-696.31303055 0 
-699.09971399 1 3
-699.17349586 1 5
-699.38550447 1 6
-699.69978641 1 1
-699.76458493 1 0
-704.28803181 2 3 6
-704.40972468 2 5 6
-705.38402183 2 0 3
-705.42042116 2 1 3
-705.43872006 2 5 0
-705.60684817 2 0 6
-706.00092595 2 5 3
-706.07506878 2 1 5
-706.28955468 2 1 6
-706.60495359 2 1 0
-717.51646812 3 3 0 6
-717.53933586 3 1 3 6
-717.61190292 3 5 0 6
-718.08245202 3 3 5 6
-718.19398348 3 1 5 6
-718.59798747 3 1 0 3
-719.19331218 3 5 0 3
-719.23593172 3 1 5 3
-719.25263509 3 1 5 0
-719.41522085 3 1 0 6
5 64
-13.81551056 2 1 3
-27.63102112 3 1 7 3
-27.63102112 3 1 4 3
-27.63102112 3 1 3 6
-27.63102112 3 1 0 3
-27.63102112 3 1 3 2
-43.15074099 2 3 6
-53.85585156 3 3 7 6
-56.77366192 3 3 6 2
-56.94516120 3 3 4 6
-56.96625155 3 3 0 6
-71.22657957 1 3
-74.00277241 2 7 3
-78.04454165 2 0 3
-78.12779153 2 4 3
-78.13427360 2 3 2
-84.85884725 3 7 4 3
-87.48012343 3 7 3 2
-87.72889169 3 7 0 3
-87.93729678 2 6 2
-89.19532001 3 1 6 2
-91.85383199 3 3 0 4
-91.85980352 3 0 3 2
-91.94150557 3 4 3 2
-93.98753714 2 7 6
-94.99188976 2 1 6
-95.51951062 1 6
-96.69055787 3 7 6 2
-98.86642132 3 4 6 2
-100.54373084 2 4 6
-101.44945218 3 0 6 2
-101.51510906 3 7 4 6
-101.63436066 3 1 7 6
-101.88218967 2 0 6
-106.89631856 3 1 4 6
-107.45358998 3 7 0 6
-108.16361751 3 1 0 6
-113.88724443 3 0 6 4
-198.39526361 2 1 2
-205.27598416 3 1 7 2
-210.26399484 2 1 7
-210.62937835 3 1 4 2
-212.06487908 3 1 0 2
-214.75147312 3 1 7 4
-216.30989329 1 1
-222.68517567 2 1 4
-222.92913718 2 1 0
-223.58115588 3 1 7 0
-227.63737582 3 7 4 2
-229.31894669 2 7 2
-231.79448666 2 7 4
-233.76295524 1 2
-235.53037109 1 7
-235.57681868 3 1 0 4
-239.79869052 2 4 2
-240.54794172 2 0 2
-242.06142859 2 7 0
-242.62785425 3 7 0 2
-245.03160516 3 7 0 4
-249.26269873 0 
-252.12316405 1 4
-252.53108835 3 0 4 2
-252.54048474 1 0
-258.21461987 2 0 4
6 64
-196.22602645 1 5
-201.46225527 2 5 4
-201.91900333 2 5 2
-202.63312577 2 7 5
-202.69501392 2 1 5
-202.69501392 2 1 3
-202.73240254 2 5 3
-202.75587263 2 5 0
-213.68451022 3 5 4 2
-214.27277147 3 7 5 4
-214.81392862 3 1 5 4
-214.81392862 3 1 4 3
-214.81392862 3 5 4 3
-214.92905549 3 5 0 4
-215.03663056 3 7 5 2
-215.38151726 3 5 0 2
-215.47242662 3 1 5 2
-215.47242662 3 1 3 2
-215.51203705 3 5 3 2
-215.97321799 3 1 7 3
-215.97321799 3 7 5 1
-216.02142242 3 7 5 3
-216.06241787 3 7 5 0
-216.12505170 3 1 5 0
-216.12505170 3 1 0 3
-216.16315270 3 5 0 3
-216.51052448 3 1 5 3
-230.80824113 1 3
-235.99655895 2 4 3
-236.16834327 2 7 3
-236.87264874 2 3 2
-237.24144280 2 0 3
-246.25061927 3 7 4 3
-248.65633896 3 7 3 2
-248.72699375 3 4 3 2
-249.37388908 3 3 0 4
-249.49888070 3 7 0 3
-250.24097444 3 0 3 2
-324.01301746 1 1
-324.60285217 2 1 7
-324.67237021 2 1 2
-330.60278573 2 1 4
-330.89057137 2 1 0
-333.33326539 3 1 7 4
-333.57298391 3 1 7 2
-337.94874150 3 1 7 0
-338.32207440 3 1 0 2
-338.40678382 3 1 4 2
-343.70083864 3 1 0 4
-344.17595972 1 7
-344.55214907 2 7 4
-347.66501938 2 7 2
-347.74466179 1 2
-349.96921456 0 
-350.67025648 2 7 0
-352.61647245 3 7 4 2
-353.04168848 1 4
-353.41416770 1 0
-354.48000680 2 0 2
-354.61677941 2 4 2
-357.86334642 3 7 0 4
-359.25643094 2 0 4
-360.86073677 3 7 0 2
-367.42487968 3 0 4 2
7 64
-432.17820999 2 5 4
-438.50945955 2 4 3
-444.01734797 2 4 6
-444.74541216 3 5 0 4
-444.98872619 3 5 4 6
-445.09991877 3 1 5 4
-445.09991877 3 1 4 3
-445.24051526 3 5 4 3
-445.27807484 3 5 4 2
-448.76351986 3 3 4 6
-450.93326421 3 4 3 2
-451.03170085 3 3 0 4
-452.50688738 1 4
-453.03362132 2 1 4
-455.43908258 3 4 6 2
-455.76410098 3 1 4 6
-456.53534235 3 0 6 4
-457.43938954 2 4 2
-457.92842687 2 0 4
-464.31446301 3 1 4 2
-465.37683053 3 1 0 4
-469.65492267 3 0 4 2
-663.59570806 2 5 2
-667.87635006 2 3 2
-667.96007420 2 6 2
-668.03971661 1 2
-670.26863678 2 1 2
-674.77575412 2 0 2
-676.71333529 3 5 6 2
-676.85566665 3 5 0 2
-676.98191036 3 1 3 2
-677.14935734 3 1 5 2
-677.22219989 3 5 3 2
-678.44420121 1 5
-679.16925047 3 1 6 2
-679.66004029 3 3 6 2
-681.12983141 3 0 3 2
-681.15648409 3 0 6 2
-682.49320711 1 3
-683.90847356 3 1 0 2
-684.85130054 2 5 6
-685.02069428 2 1 3
-685.11556168 2 5 0
-685.19515906 2 1 5
-685.26939995 2 5 3
-686.38327402 1 6
-687.85330925 2 3 6
-689.15185445 2 0 3
-691.24105752 1 1
-691.83089223 2 1 6
-692.17652885 0 
-692.85070661 2 0 6
-695.59461783 1 0
-698.10465272 2 1 0
-698.29889835 3 1 3 6
-698.42210692 3 5 0 6
-698.47336313 3 1 5 6
-698.55841983 3 3 5 6
-698.58220664 3 1 0 3
-698.75667142 3 1 5 0
-698.83620450 3 5 0 3
-698.83620484 3 1 5 3
-701.40929236 3 3 0 6
-705.16282286 3 1 0 6
