8
0 64
-59.45541199 0 
-61.79406637 1 6
-62.24444905 1 5
-62.34065595 1 3
-62.80639981 1 4
-62.81842504 1 1
-62.90895367 1 7
-62.90926943 1 2
-68.58543145 2 4 6
-68.67932422 2 5 6
-68.67932422 2 3 6
-68.69220312 2 7 6
-68.69575162 2 2 6
-68.70182165 2 6 1
-69.01348550 2 5 4
-69.11057524 2 3 4
-69.12647394 2 4 7
-69.13883821 2 5 7
-69.13998269 2 5 2
-69.15220433 2 5 3
-69.15220433 2 5 1
-69.15220433 2 3 1
-69.23589522 2 2 3
-69.23787108 2 3 7
-69.62286975 2 4 1
-69.64262839 2 2 4
-69.64460923 2 2 7
-69.72612550 2 7 1
-69.72617517 2 2 1
-81.61429426 3 2 4 7
-81.98023032 3 4 7 6
-82.29626433 3 2 7 6
-82.33497034 3 2 4 6
-82.37438113 3 5 4 6
-82.37438113 3 3 4 6
-82.40094201 3 4 6 1
-82.41377532 3 5 4 7
-82.48390380 3 5 7 6
-82.48390380 3 3 7 6
-82.48482927 3 3 4 7
-82.48792465 3 5 2 6
-82.48792465 3 2 6 3
-82.49483478 3 5 6 1
-82.49483478 3 5 3 6
-82.49483478 3 3 6 1
-82.50771368 3 7 6 1
-82.51126218 3 2 6 1
-82.71793643 3 5 2 7
-82.77544824 3 5 2 4
-82.81314196 3 2 7 3
-82.82899606 3 5 4 1
-82.82899606 3 5 3 4
-82.82899606 3 3 4 1
-82.86988434 3 2 4 3
-82.87511199 3 4 7 1
-82.95434877 3 5 7 1
-82.95434877 3 5 3 7
-82.95434877 3 3 7 1
-82.95549325 3 5 2 3
-82.95549325 3 5 2 1
-82.95549325 3 2 1 3
-82.96771489 3 5 3 1
-83.36906969 3 2 4 1
-83.37293386 3 2 7 1
1 64
-13.81551056 2 5 3
-27.63102112 3 5 3 7
-27.63102112 3 5 3 6
-27.63102112 3 5 3 4
-27.63102112 3 5 3 0
-27.63102112 3 5 2 3
-32.89792623 1 5
-35.00579316 2 5 2
-37.62114447 1 6
-37.77355775 2 3 6
-38.97896668 2 5 7
-39.33069858 2 5 4
-39.49734982 2 5 6
-39.80568151 2 5 0
-43.76358583 2 2 6
-44.48079563 2 7 6
-44.51911353 2 4 6
-44.52889975 2 6 0
-48.42514404 3 5 2 7
-48.47636571 3 5 2 4
-48.66434032 3 5 2 6
-48.82130372 3 5 2 0
-49.80444011 3 3 7 6
-51.26020001 3 3 4 6
-51.44526494 3 2 6 3
-51.58906831 3 3 6 0
-52.45929121 3 5 4 7
-52.54923833 3 5 7 6
-52.79447724 3 5 7 0
-52.91732580 3 5 4 6
-53.14620914 3 5 4 0
-53.31286037 3 5 6 0
-54.80803190 0 
-56.98823316 1 7
-57.15317699 3 2 4 6
-57.20217460 3 2 7 6
-57.57909639 3 2 6 0
-57.58414940 3 4 7 6
-57.75040458 1 3
-58.17104495 1 0
-58.20773457 1 2
-58.25750015 1 4
-58.29630618 3 7 6 0
-58.33462409 3 4 6 0
-61.60542264 2 4 7
-63.10734127 2 3 7
-63.61232075 2 2 7
-63.80540499 2 7 0
-64.56195296 2 3 0
-64.64095749 2 2 3
-64.64515967 2 3 4
-64.77420533 2 2 4
-65.02464031 2 2 0
-65.07397010 2 4 0
-74.00810951 3 2 4 7
-74.10983450 3 3 4 7
-75.35406069 3 4 7 0
-76.75957440 3 2 7 3
-76.82381896 3 3 7 0
-77.34064538 3 2 7 0
-78.09786707 3 2 4 3
-78.36055552 3 2 0 3
-78.36358048 3 3 4 0
-78.50064663 3 2 4 0
2 64
-641.40581506 2 3 4
-645.71285533 2 5 4
-653.42723577 1 4
-653.79124651 3 3 4 6
-654.33350244 3 3 4 7
-654.85852246 3 3 4 1
-654.85852246 3 5 4 1
-654.85852246 3 5 3 4
-655.16512415 3 3 4 0
-656.04759100 2 4 6
-657.19681902 2 4 7
-657.38429374 3 5 4 6
-657.73735713 3 5 4 7
-659.47481806 3 5 4 0
-659.94394095 2 4 1
-660.26346435 2 4 0
-663.16717990 3 4 7 6
-664.84789062 2 3 7
-668.68165446 3 4 6 1
-669.05394639 2 5 7
-669.59950589 3 4 7 1
-669.68463934 3 4 7 0
-669.79712988 3 4 6 0
-672.38926113 1 7
-673.69014089 3 1 4 0
-676.47125326 3 3 7 6
-676.85297745 2 7 6
-677.51756086 1 3
-678.42316150 3 3 7 0
-678.50012375 3 5 7 1
-678.50012375 3 3 7 1
-678.50012375 3 5 3 7
-679.01334873 2 7 1
-679.12491669 2 7 0
-680.55579960 3 5 7 6
-682.30024684 1 5
-682.63304461 3 5 7 0
-682.88227807 2 3 6
-684.40811377 2 5 3
-684.40811377 2 5 1
-684.40811377 2 3 1
-684.41280014 2 3 0
-687.38699475 2 5 6
-689.19578048 2 5 0
-689.57435642 3 7 6 1
-690.45703866 3 7 6 0
-692.66015709 3 1 7 0
-695.46066017 1 6
-696.55398526 3 5 6 1
-696.55398526 3 5 3 6
-696.55398526 3 3 6 1
-696.59905820 0 
-696.69087850 3 3 6 0
-698.21140269 3 5 3 0
-698.21140269 3 5 1 0
-698.21140269 3 3 1 0
-698.22362433 3 5 3 1
-699.99876086 1 1
-700.05291564 1 0
-701.19559519 3 5 6 0
-701.60310153 2 6 1
-702.36234542 2 6 0
-706.90651100 2 1 0
-715.41254206 3 1 6 0
3 64
-13.81551056 2 5 1
-27.63102112 3 5 7 1
-27.63102112 3 5 6 1
-27.63102112 3 5 4 1
-27.63102112 3 5 2 1
-27.63102112 3 5 1 0
-32.89792623 1 5
-35.00579316 2 5 2
-38.97896668 2 5 7
-39.33069858 2 5 4
-39.49734982 2 5 6
-39.80568151 2 5 0
-48.42514404 3 5 2 7
-48.47636571 3 5 2 4
-48.66434032 3 5 2 6
-48.82130372 3 5 2 0
-52.45929121 3 5 4 7
-52.54923833 3 5 7 6
-52.79447724 3 5 7 0
-52.91732580 3 5 4 6
-53.14620914 3 5 4 0
-53.31286037 3 5 6 0
-81.31018193 2 2 6
-85.83039286 3 2 7 6
-86.21211704 2 7 6
-88.99186104 3 2 6 1
-91.53576153 3 7 6 1
-92.72650200 3 2 4 6
-93.88856403 1 6
-94.04097732 2 6 1
-94.98284649 2 4 6
-95.10235496 3 2 6 0
-95.36667444 3 4 7 6
-100.00381773 3 7 6 0
-100.77382188 2 6 0
-101.72393297 3 4 6 1
-107.83399044 3 1 6 0
-108.77179617 3 4 6 0
-187.06184396 2 2 7
-188.88076822 3 2 4 7
-191.74408479 2 4 7
-194.60321447 1 7
-197.35457762 1 2
-200.20909761 3 2 7 1
-200.23037669 3 2 7 0
-200.72232259 2 7 1
-200.93213188 2 7 0
-203.66443231 2 2 4
-203.68120340 2 2 0
-203.78780054 2 2 1
-204.24849665 3 4 7 1
-205.10244013 3 4 7 0
-213.95054585 3 1 7 0
-215.68585302 1 4
-216.43607495 0 
-216.89168826 3 2 4 0
-216.98809405 3 2 4 1
-217.01711861 3 2 1 0
-219.32131890 1 0
-219.37844763 1 1
-221.99002846 2 4 0
-222.07351254 2 4 1
-225.71222692 2 1 0
-235.27963885 3 1 4 0
4 64
-414.62962574 3 5 2 7
-416.09073388 2 2 7
-416.24635564 3 2 7 6
-417.90965813 3 2 7 3
-425.94621500 2 5 7
-426.48652263 3 2 7 1
-428.06041890 3 2 7 0
-428.42404631 2 3 7
-429.93215320 2 7 6
-431.28317599 1 7
-435.90036547 2 7 1
-436.80547960 3 5 7 6
-437.50069625 2 7 0
-439.08671060 3 3 7 6
-439.22115212 3 5 7 0
-439.42653953 3 5 7 1
-439.42653953 3 5 3 7
-439.42653953 3 3 7 1
-441.67100450 3 3 7 0
-443.03550697 3 7 6 1
-443.22018040 3 7 6 0
-449.04935195 3 1 7 0
-643.31307726 1 2
-649.60926898 2 5 2
-649.62293195 2 2 3
-649.87954803 2 2 1
-650.04643622 2 2 0
-650.18783157 2 2 6
-660.75914846 3 5 2 6
-661.60415164 3 2 6 3
-663.07984153 3 5 2 1
-663.07984153 3 2 1 3
-663.07984153 3 5 2 3
-663.24473453 3 5 2 0
-663.25692107 3 2 0 3
-663.52244254 3 2 1 0
-663.57742274 3 2 6 1
-663.82705028 3 2 6 0
-685.73467776 1 3
-686.19666049 1 5
-686.48489969 0 
-689.60090074 1 6
-689.83588750 1 0
-689.93436793 1 1
-690.69518320 2 3 6
-690.76184947 2 5 6
-692.50459706 2 3 0
-692.62943284 2 5 3
-692.62943284 2 5 1
-692.62943284 2 3 1
-692.96569695 2 5 0
-696.39226582 2 6 0
-696.49886980 2 6 1
-696.73881265 2 1 0
-704.18182546 3 5 6 1
-704.18182546 3 5 3 6
-704.18182546 3 3 6 1
-704.39024011 3 3 6 0
-704.45690639 3 5 6 0
-706.30622458 3 5 3 0
-706.30622458 3 5 1 0
-706.30622458 3 3 1 0
-706.44494340 3 5 3 1
-710.19799016 3 1 6 0
5 64
-13.81551056 2 3 1
-27.63102112 3 3 7 1
-27.63102112 3 3 4 1
-27.63102112 3 3 6 1
-27.63102112 3 3 1 0
-27.63102112 3 2 1 3
-37.77355775 2 3 6
-49.80444011 3 3 7 6
-51.26020001 3 3 4 6
-51.44526494 3 2 6 3
-51.58906831 3 3 6 0
-57.75040458 1 3
-63.10734127 2 3 7
-64.56195296 2 3 0
-64.64095749 2 2 3
-64.64515967 2 3 4
-74.10983450 3 3 4 7
-76.75957440 3 2 7 3
-76.82381896 3 3 7 0
-78.09786707 3 2 4 3
-78.36055552 3 2 0 3
-78.36358048 3 3 4 0
-83.46731882 2 7 6
-84.09110655 2 2 6
-87.17014098 3 2 7 6
-88.99186104 3 2 6 1
-90.34064522 3 4 7 6
-91.53576153 3 7 6 1
-92.16477197 1 6
-93.32572071 2 4 6
-94.04097732 2 6 1
-94.66242344 3 2 4 6
-97.25901951 3 7 6 0
-97.88327958 3 2 6 0
-99.05002981 2 6 0
-101.72393297 3 4 6 1
-107.11467039 3 4 6 0
-107.83399044 3 1 6 0
-200.20909761 3 2 7 1
-200.72232259 2 7 1
-203.78780054 2 2 1
-204.24849665 3 4 7 1
-213.39462808 2 4 7
-213.93516618 3 2 4 7
-213.95054585 3 1 7 0
-215.39627432 2 2 7
-216.98809405 3 2 4 1
-217.01711861 3 2 1 0
-218.73158906 1 7
-219.37844763 1 1
-222.07351254 2 4 1
-224.96147360 2 7 0
-225.71222692 2 1 0
-226.68192947 3 4 7 0
-226.98974195 1 2
-228.46960151 3 2 7 0
-233.22045520 2 2 0
-233.28593366 2 2 4
-235.27963885 3 1 4 0
-241.00031411 1 4
-241.28855330 0 
-244.07759036 1 0
-246.41875351 3 2 4 0
-247.20739981 2 4 0
6 64
-190.26231067 1 5
-194.82749964 2 5 4
-195.34905858 2 5 2
-196.54697460 2 5 7
-196.69718583 2 5 0
-196.86173425 2 5 3
-196.86173425 2 5 1
-196.86173425 2 3 1
-206.49893805 3 5 2 4
-207.40623919 3 5 4 7
-208.04882781 3 5 2 7
-208.18839527 3 5 4 0
-208.41412687 3 3 4 1
-208.41412687 3 5 4 1
-208.41412687 3 5 3 4
-208.69700054 3 5 2 0
-209.00760573 3 5 2 3
-209.00760573 3 5 2 1
-209.00760573 3 2 1 3
-209.89204019 3 5 7 0
-210.11724625 3 5 7 1
-210.11724625 3 3 7 1
-210.11724625 3 5 3 7
-210.20436470 3 5 3 0
-210.20436470 3 5 1 0
-210.20436470 3 3 1 0
-210.67724481 3 5 3 1
-216.83858108 1 3
-221.79908652 2 3 4
-222.20329829 2 2 3
-223.17724935 2 3 0
-223.42014740 2 3 7
-234.08281169 3 3 4 7
-234.18451797 3 2 4 3
-235.04351005 3 2 7 3
-235.06289241 3 3 4 0
-235.45532772 3 2 0 3
-236.66618012 3 3 7 0
-319.30380730 2 7 1
-322.19920456 1 1
-323.80354523 2 2 1
-326.43894881 3 4 7 1
-328.08260118 2 1 0
-328.76370643 2 4 1
-329.86481499 3 2 7 1
-330.46022204 2 4 7
-331.81124483 1 7
-332.08539547 3 1 7 0
-336.27496115 2 2 7
-336.43058292 3 2 4 7
-336.58863224 3 2 1 0
-337.50141994 3 2 4 1
-337.59449428 2 7 0
-338.24769397 1 2
-339.38609200 0 
-341.54177869 3 1 4 0
-341.72474638 1 0
-342.50209305 1 4
-343.31397843 3 4 7 0
-344.03417616 2 2 0
-345.12244828 2 2 4
-348.28112470 2 4 0
-348.92661625 3 2 7 0
-357.81479022 3 2 4 0
7 64
-395.24669862 2 5 4
-398.91061642 2 3 4
-407.27120042 3 5 2 4
-407.82543817 3 5 4 6
-408.37529125 3 5 4 1
-408.37529125 3 5 3 4
-408.37529125 3 3 4 1
-408.64698844 3 5 4 0
-410.81051365 2 4 6
-411.19434160 3 3 4 6
-411.83830381 3 2 4 3
-412.28487045 3 3 4 0
-417.93010254 3 2 4 6
-422.85238465 1 4
-423.87554952 3 4 6 1
-424.20531251 3 4 6 0
-426.20030714 2 4 1
-426.62196790 2 2 4
-429.17245878 2 4 0
-435.85587207 3 2 4 1
-438.59363377 3 2 4 0
-439.45254937 3 1 4 0
-642.25084366 2 5 2
-643.55157763 2 2 3
-651.87157847 2 2 6
-653.84431129 1 2
-654.95061289 3 5 2 6
-655.49714411 1 5
-655.67019454 3 5 2 3
-655.67019454 3 5 2 1
-655.67019454 3 2 1 3
-655.82879740 3 5 2 0
-656.22124787 1 3
-656.39178939 3 2 6 3
-657.12882438 3 2 0 3
-659.24889747 2 2 1
-660.57965109 2 2 0
-661.57818456 2 5 3
-661.57818456 2 5 1
-661.57818456 2 3 1
-661.78180804 2 5 6
-662.39153327 2 5 0
-662.80281420 2 3 6
-663.11846301 2 3 0
-665.31016724 3 2 6 1
-665.47209117 3 2 6 0
-670.47926119 1 6
-672.89565616 3 2 1 0
-674.83369656 3 5 6 1
-674.83369656 3 5 3 6
-674.83369656 3 3 6 1
-675.38032900 3 5 3 0
-675.38032900 3 5 1 0
-675.38032900 3 3 1 0
-675.39369512 3 5 3 1
-675.58638762 3 5 6 0
-676.60739378 3 3 6 0
-677.33891235 2 6 1
-677.37739793 2 6 0
-678.05410835 0 
-680.23430961 1 1
-681.50765003 1 0
-687.14201007 2 1 0
-691.14480437 3 1 6 0
