8
0 64
-19.01120391 0 
-19.76990394 1 2
-19.97453751 1 4
-20.18664792 1 7
-21.46722885 1 6
-21.62344856 1 5
-21.67376487 1 3
-21.72325116 1 1
-24.16185440 2 2 7
-24.29596750 2 2 4
-25.02067589 2 7 4
-25.04631848 2 2 6
-25.19573468 2 2 5
-25.21992953 2 2 1
-25.24393081 2 6 4
-25.26774159 2 2 3
-25.36113859 2 5 4
-25.40676882 2 1 4
-25.45171538 2 3 4
-25.51789721 2 7 6
-25.68756009 2 3 7
-25.68756009 2 5 7
-25.70810884 2 7 1
-26.98868977 2 6 1
-26.98868977 2 5 6
-26.98868977 2 3 6
-27.14490948 2 3 5
-27.14490948 2 5 1
-27.14490948 2 3 1
-34.87912010 3 2 7 4
-35.10010384 3 2 6 4
-35.10010384 3 2 7 6
-35.20477623 3 2 7 1
-35.20477623 3 2 5 7
-35.20477623 3 2 5 4
-35.20477623 3 2 3 7
-35.23887081 3 2 1 4
-35.30591899 3 2 3 4
-35.95877758 3 7 6 4
-36.06359773 3 5 7 4
-36.06359773 3 3 7 4
-36.06359773 3 7 1 4
-36.08924032 3 2 5 6
-36.08924032 3 2 3 6
-36.08924032 3 2 6 1
-36.23865651 3 2 5 1
-36.23865651 3 2 3 5
-36.23865651 3 2 3 1
-36.28685265 3 6 1 4
-36.28685265 3 5 6 4
-36.28685265 3 3 6 4
-36.40406042 3 3 5 4
-36.40406042 3 3 1 4
-36.40406042 3 5 1 4
-36.56081905 3 7 6 1
-36.56081905 3 7 5 6
-36.56081905 3 3 7 6
-36.73048192 3 5 7 1
-36.73048192 3 3 7 1
-36.73048192 3 3 5 7
-38.03161161 3 5 6 1
-38.03161161 3 3 6 1
-38.03161161 3 3 5 6
-38.18783132 3 3 5 1
1 64
-11.04292184 2 3 5
-13.15963094 1 5
-14.86200685 2 5 4
-16.30642370 2 2 5
-16.33492993 1 6
-18.25322135 2 5 7
-18.25322135 2 6 4
-18.68109186 2 5 6
-18.68109186 2 0 5
-19.74164941 2 7 6
-20.04028415 2 3 6
-20.75402582 2 2 6
-21.05097031 2 7 4
-21.85639085 2 0 6
-22.08584367 3 3 5 7
-22.08584367 3 3 5 6
-22.08584367 3 3 5 4
-22.08584367 3 2 3 5
-22.08584367 3 0 3 5
-22.39669752 1 7
-23.26922464 0 
-23.62675883 1 4
-25.56155082 1 2
-25.72147861 3 2 5 4
-25.89879287 1 3
-25.90492868 3 5 6 4
-25.90492868 3 5 7 4
-25.90492868 3 0 5 4
-25.98127189 1 0
-26.81732652 2 2 7
-26.86620040 3 7 6 4
-27.20599848 3 2 5 7
-27.34934554 3 2 5 6
-27.34934554 3 0 2 5
-27.62783400 2 3 7
-27.63102112 3 3 7 6
-27.91815844 2 0 7
-28.26849786 3 3 6 4
-29.05899014 2 0 4
-29.08895507 2 3 4
-29.09143565 2 2 4
-29.11554098 3 2 6 4
-29.29614318 3 7 5 6
-29.29614318 3 0 6 4
-29.29614318 3 0 5 7
-29.72401369 3 0 5 6
-29.88036169 3 2 7 6
-30.68528541 3 2 3 6
-30.78457124 3 0 7 6
-30.99954119 2 2 3
-31.01157642 2 0 2
-31.08320599 3 0 3 6
-31.36993748 2 0 3
-31.62055525 3 3 7 4
-31.79694766 3 0 2 6
-31.97931175 3 2 7 4
-32.09389214 3 0 7 4
-37.67859871 3 2 3 7
-37.86024836 3 0 2 7
-38.67075584 3 0 3 7
-40.03433896 3 0 2 4
-40.04130012 3 0 3 4
-40.07865791 3 2 3 4
-41.97045611 3 0 3 2
2 64
-162.98036251 1 4
-165.96458292 2 3 4
-166.09481399 2 5 4
-167.30179249 2 0 4
-168.17221563 2 6 4
-168.42822223 2 7 4
-168.44503932 2 1 4
-173.35524826 1 7
-175.81878654 3 0 3 4
-175.87205504 1 3
-175.91950374 0 
-175.93845164 3 0 5 4
-176.67820377 1 0
-176.83270062 2 3 7
-176.87746271 3 3 6 4
-176.92595814 3 3 7 4
-176.94668418 3 5 6 4
-176.95428576 3 5 1 4
-176.95428576 3 3 1 4
-176.95428576 3 3 5 4
-177.02608561 3 5 7 4
-177.27205508 2 7 6
-177.33045474 2 0 7
-177.77587726 2 7 1
-177.82601059 1 5
-177.93068821 2 5 7
-178.02838865 3 0 6 4
-178.15462817 1 6
-178.21182993 1 1
-178.27714131 3 0 1 4
-178.28666643 3 0 7 4
-178.80674850 3 7 6 4
-179.03453526 3 6 1 4
-179.35656367 3 7 1 4
-179.46603176 2 0 3
-180.97280336 2 5 1
-180.97280336 2 3 1
-180.97280336 2 3 5
-181.35463931 2 3 6
-181.39829671 2 0 5
-181.70850830 2 0 1
-181.73371780 2 0 6
-182.57372406 2 6 1
-183.33138689 2 5 6
-184.88450105 3 3 7 6
-186.34991677 3 0 3 7
-186.85426170 3 0 7 6
-186.88346534 3 5 7 1
-186.88346534 3 3 7 1
-186.88346534 3 3 5 7
-186.97464576 3 7 5 6
-187.27254466 3 0 7 1
-187.41076737 3 7 6 1
-187.44790435 3 0 5 7
-190.06655039 3 0 5 1
-190.06655039 3 0 3 5
-190.06655039 3 0 3 1
-190.45518986 3 0 3 6
-191.67427461 3 0 6 1
-191.99964057 3 3 6 1
-191.99964057 3 5 6 1
-191.99964057 3 3 5 6
-192.01572520 3 3 5 1
-192.43193744 3 0 5 6
3 64
-11.04292184 2 5 1
-13.15963094 1 5
-14.86200685 2 5 4
-16.30642370 2 2 5
-18.25322135 2 5 7
-18.68109186 2 5 6
-18.68109186 2 0 5
-20.79780096 1 6
-22.08584367 3 5 7 1
-22.08584367 3 5 6 1
-22.08584367 3 5 1 4
-22.08584367 3 0 5 1
-22.08584367 3 2 5 1
-23.99781210 2 2 6
-24.50315518 2 6 1
-24.54626034 2 7 6
-25.23086807 2 6 4
-25.72147861 3 2 5 4
-25.90492868 3 5 6 4
-25.90492868 3 0 5 4
-25.90492868 3 5 7 4
-26.31926187 2 0 6
-27.20599848 3 2 5 7
-27.34934554 3 2 5 6
-27.34934554 3 0 2 5
-29.29614318 3 7 5 6
-29.29614318 3 0 5 7
-29.72401369 3 0 5 6
-32.15870631 3 2 7 6
-32.43563205 3 7 6 1
-33.92907169 3 2 6 1
-33.93611515 3 2 6 4
-34.06824881 3 7 6 4
-35.04073393 3 0 2 6
-35.24614458 3 6 1 4
-35.54607701 3 0 6 1
-35.58918217 3 0 7 6
-36.27378990 3 0 6 4
-37.02283839 1 7
-38.12004916 1 2
-38.16749786 0 
-39.37188344 1 4
-40.50029076 2 2 7
-40.75969491 2 7 4
-40.79706609 1 1
-40.83005882 1 0
-42.25397487 2 7 1
-42.35610386 2 2 4
-42.52375056 2 0 7
-43.55803952 2 2 1
-43.61788681 2 0 2
-44.83407968 2 1 4
-44.84906130 2 0 4
-46.21872441 2 0 1
-49.25743082 3 2 7 4
-51.32927986 3 7 1 4
-51.36156295 3 2 7 1
-51.54321259 3 0 2 7
-51.80261675 3 0 7 4
-53.27634796 3 0 7 1
-53.34332612 3 2 1 4
-53.36605535 3 0 2 4
-54.57676650 3 0 2 1
-55.83137128 3 0 1 4
4 64
-125.68674748 2 2 7
-129.26804629 2 7 1
-129.77163141 2 7 6
-129.78704136 3 2 5 7
-130.61377351 1 7
-130.69164395 2 5 7
-130.84873270 3 2 7 1
-131.30632483 3 2 7 6
-134.35063003 2 3 7
-134.44388755 3 2 3 7
-135.44780148 2 0 7
-136.40401318 3 0 2 7
-136.89618241 3 7 6 1
-138.34335129 3 3 7 1
-138.34335129 3 5 7 1
-138.34335129 3 3 5 7
-139.29361989 3 3 7 6
-139.62353519 3 0 7 1
-139.64166906 3 7 5 6
-140.21251177 3 0 7 6
-141.06768160 3 0 5 7
-144.72666768 3 0 3 7
-161.75393655 1 2
-165.28382138 2 2 1
-165.65405306 2 2 5
-165.98999125 2 2 3
-166.28000011 2 0 2
-167.00343535 2 2 6
-174.69307779 0 
-175.05061198 1 1
-175.06910797 3 2 5 1
-175.06910797 3 2 3 5
-175.06910797 3 2 3 1
-175.30276265 3 0 2 1
-175.36495051 3 2 6 1
-175.65641139 1 0
-175.66309462 3 0 2 5
-175.89746337 1 3
-176.02816865 3 0 3 2
-176.03858917 3 2 5 6
-176.94173840 3 2 3 6
-176.98584789 1 6
-177.05722070 3 0 2 6
-177.38524966 1 5
-178.73412964 2 0 1
-178.90413931 2 6 1
-179.08762557 2 3 5
-179.08762557 2 5 1
-179.08762557 2 3 1
-179.67541387 2 0 3
-180.76254985 2 0 6
-181.12293969 2 0 5
-181.41891500 2 3 6
-182.42329189 2 5 6
-188.20230219 3 0 6 1
-188.34677651 3 0 5 1
-188.34677651 3 0 3 5
-188.34677651 3 0 3 1
-189.64712871 3 5 6 1
-189.64712871 3 3 6 1
-189.64712871 3 3 5 6
-190.13054740 3 3 5 1
-190.71707788 3 0 3 6
-191.72145477 3 0 5 6
5 64
-11.04292184 2 3 1
-20.04028415 2 3 6
-22.08584367 3 3 7 1
-22.08584367 3 3 6 1
-22.08584367 3 3 1 4
-22.08584367 3 0 3 1
-22.08584367 3 2 3 1
-22.15699325 1 6
-22.88113827 2 7 6
-24.50315518 2 6 1
-25.89879287 1 3
-27.33375197 2 2 6
-27.59443725 2 6 4
-27.62783400 2 3 7
-27.63102112 3 3 7 6
-27.67845417 2 0 6
-28.26849786 3 3 6 4
-29.08895507 2 3 4
-30.68528541 3 2 3 6
-30.99954119 2 2 3
-31.08320599 3 0 3 6
-31.36993748 2 0 3
-31.62055525 3 3 7 4
-32.43563205 3 7 6 1
-32.58372895 3 2 7 6
-32.75117592 3 7 6 4
-33.92406011 3 0 7 6
-33.92907169 3 2 6 1
-35.24614458 3 6 1 4
-35.54607701 3 0 6 1
-36.36890580 3 2 6 4
-37.67859871 3 2 3 7
-38.37667381 3 0 2 6
-38.63735908 3 0 6 4
-38.67075584 3 0 3 7
-40.04130012 3 0 3 4
-40.07865791 3 2 3 4
-40.79706609 1 1
-41.97045611 3 0 3 2
-42.25397487 2 7 1
-43.55803952 2 2 1
-44.83407968 2 1 4
-46.21872441 2 0 1
-46.39745104 1 7
-46.47532149 2 7 4
-50.90665979 0 
-50.97289099 2 2 7
-51.32927986 3 7 1 4
-51.36156295 3 2 7 1
-51.89836321 2 0 7
-52.81316664 1 2
-53.27634796 3 0 7 1
-53.34332612 3 2 1 4
-53.51890444 1 0
-53.59883167 1 4
-54.57676650 3 0 2 1
-55.07318487 3 2 7 4
-55.83137128 3 0 1 4
-56.71328315 2 2 4
-57.51824332 3 0 7 4
-58.23899738 2 0 2
-58.98543274 2 0 4
-62.01581283 3 0 2 7
-67.62209189 3 0 2 4
6 64
-53.06209162 1 5
-58.10013384 2 5 4
-58.42733283 2 0 5
-58.51813438 2 5 7
-58.56746791 2 2 5
-58.58355254 2 3 5
-58.58355254 2 5 1
-58.58355254 2 3 1
-64.44206126 1 3
-67.46815949 3 5 7 4
-67.56209193 3 2 5 7
-68.95200403 3 2 5 4
-69.02584791 3 0 5 4
-69.14305568 3 5 1 4
-69.14305568 3 3 5 4
-69.14305568 3 3 1 4
-69.39139334 3 0 5 7
-69.46097356 3 0 2 5
-69.47025466 3 0 5 1
-69.47025466 3 0 3 5
-69.47025466 3 0 3 1
-69.55786910 2 3 7
-69.56105621 3 5 7 1
-69.56105621 3 3 7 1
-69.56105621 3 3 5 7
-69.61038975 3 2 3 1
-69.61038975 3 2 3 5
-69.61038975 3 2 5 1
-69.62647437 3 3 5 1
-69.75698616 2 0 3
-69.92464553 2 2 3
-69.96351289 2 3 4
-74.50085895 3 3 7 4
-74.87746345 1 1
-77.60966953 3 2 3 7
-78.73099078 2 1 4
-79.23935759 2 2 1
-79.37939904 2 7 1
-80.14290206 2 0 1
-80.43112806 3 0 3 7
-80.74614426 3 0 3 2
-80.79865016 3 0 3 4
-80.87639267 3 2 3 4
-81.19230505 2 7 4
-81.81175816 0 
-82.03444715 1 7
-84.04688259 1 2
-84.10452826 1 4
-84.26778310 1 0
-85.95125397 2 2 7
-87.00753515 3 7 1 4
-87.36569645 2 0 7
-89.01428914 3 2 7 1
-89.29638139 2 2 4
-89.32048672 3 2 1 4
-89.32329713 2 0 2
-89.37392156 2 0 4
-89.61107461 3 0 1 4
-90.10866837 3 0 2 1
-90.23210925 3 0 7 1
-91.57083132 3 2 7 4
-92.13040673 3 0 7 4
-96.88950341 3 0 2 7
-100.10051772 3 0 2 4
7 64
-120.58850199 2 5 4
-124.79978896 2 6 4
-125.13622365 2 1 4
-127.71201217 1 4
-129.09982364 2 3 4
-129.95652764 3 5 6 4
-131.29096113 3 0 5 4
-131.51977361 3 2 5 4
-131.63142383 3 3 1 4
-131.63142383 3 5 1 4
-131.63142383 3 3 5 4
-132.75815055 2 0 4
-133.15987189 2 2 4
-133.41276802 3 6 1 4
-133.63716971 3 3 6 4
-135.43432183 3 2 6 4
-135.51463572 3 0 6 4
-135.79305255 3 0 1 4
-136.04774799 3 2 1 4
-139.71170600 3 0 3 4
-140.06119886 3 2 3 4
-143.74302449 3 0 2 4
-167.28210770 1 5
-167.38678531 2 2 5
-169.22706096 1 2
-170.48283667 2 2 1
-170.64665698 1 3
-170.91878933 1 1
-171.13143235 2 2 6
-171.34621922 2 0 5
-171.60730256 2 2 3
-171.79131645 0 
-172.01400544 1 6
-172.37569811 2 5 1
-172.37569811 2 3 5
-172.37569811 2 3 1
-172.73815046 2 5 6
-172.96676046 1 0
-173.61901142 2 0 2
-174.66045220 2 0 3
-174.90364701 2 0 1
-175.42072492 2 6 1
-175.76246482 2 3 6
-176.06467380 2 0 6
-176.38140933 3 2 5 6
-177.39582687 3 0 2 5
-178.28636009 3 2 5 1
-178.28636009 3 2 3 5
-178.28636009 3 2 3 1
-179.29232656 3 2 3 6
-180.25776822 3 2 6 1
-180.46768337 3 0 2 1
-181.18521771 3 0 2 6
-181.54433721 3 0 3 2
-181.96127055 3 0 5 1
-181.96127055 3 0 3 5
-181.96127055 3 0 3 1
-182.31027974 3 0 5 6
-183.35320179 3 5 6 1
-183.35320179 3 3 6 1
-183.35320179 3 3 5 6
-183.41861995 3 3 5 1
-184.99285420 3 0 6 1
-185.33459410 3 0 3 6
