8
0 64
-68.19468694 1 1
-68.45577145 0 
-70.94687938 1 4
-71.04631618 1 3
-71.40793405 1 7
-71.42364316 1 5
-71.71932666 1 2
-71.86053858 1 6
-73.76566169 2 6 1
-73.80123993 2 4 1
-74.19438296 2 3 1
-74.19438296 2 3 5
-74.38022964 2 1 7
-74.38558502 2 5 1
-74.84844230 2 2 1
-74.91542904 2 4 7
-77.03415066 2 2 5
-77.11200706 2 5 4
-77.12294996 2 3 4
-77.22732942 2 3 7
-77.32132846 2 3 6
-77.47162779 2 2 7
-77.62299103 2 6 4
-77.71147511 2 5 6
-77.74433394 2 6 7
-77.76137019 2 5 7
-77.83730490 2 2 4
-77.88302806 2 2 3
-78.35273861 2 2 6
-85.19422551 3 4 1 7
-86.13628751 3 2 4 1
-86.45209617 3 6 4 1
-86.75886407 3 6 1 7
-86.83366902 3 3 4 1
-86.83366902 3 3 4 5
-87.03502416 3 5 4 1
-87.38183527 3 3 7 5
-87.38183527 3 3 1 7
-87.38183527 3 5 1 7
-87.38668352 3 3 4 7
-87.38997018 3 3 6 5
-87.38997018 3 3 6 1
-87.39830131 3 2 1 7
-87.46127113 3 2 6 1
-87.58117225 3 5 6 1
-87.90064772 3 2 3 5
-87.90064772 3 2 3 1
-88.00989351 3 3 1 5
-88.06809470 3 2 1 5
-88.13976264 3 6 4 7
-88.19203836 3 5 4 7
-88.37484124 3 2 4 7
-88.45962443 3 2 4 5
-89.47284136 3 3 6 7
-89.87518906 3 2 7 5
-90.00681552 3 3 6 4
-90.05453763 3 2 6 7
-90.24283764 3 2 6 5
-90.26344224 3 2 6 4
-90.34458963 3 5 6 4
-90.50370753 3 2 3 7
-90.92394918 3 2 3 4
-90.95390956 3 5 6 7
-91.04228679 3 2 6 3
1 64
-19.04233542 2 3 5
-31.07305291 3 3 7 5
-32.40376003 3 3 4 5
-32.82821364 3 2 3 5
-32.85784598 3 3 6 5
-32.85784598 3 3 0 5
-40.72448230 1 5
-41.06835286 2 2 5
-43.68642416 2 5 0
-47.26369428 2 5 4
-47.37789782 2 5 7
-47.40229486 1 6
-47.63223758 2 5 6
-48.77937521 2 3 6
-49.30741797 2 6 0
-52.05284383 3 2 7 5
-52.10229691 3 2 0 5
-53.26256287 2 2 6
-54.05705789 2 6 7
-54.20470162 2 6 4
-54.79857361 3 2 4 5
-54.88386342 3 2 6 5
-56.99836289 3 5 0 7
-57.18671137 3 5 4 0
-57.50193472 3 5 6 0
-57.69162823 3 3 6 7
-58.60077940 3 2 6 7
-58.84801693 3 3 6 0
-60.57800448 3 5 4 7
-61.07920484 3 5 6 4
-61.19340837 3 5 6 7
-62.11649872 3 3 6 4
-62.37109539 3 2 6 0
-62.56525343 3 2 6 3
-63.03380676 3 6 4 0
-63.07158802 3 6 0 7
-66.41184948 3 2 6 4
-66.76694518 3 6 4 7
-68.19468694 1 0
-68.45577145 0 
-69.50095047 1 7
-71.75981393 1 2
-71.82737089 1 4
-71.89134285 1 3
-72.47324607 2 0 7
-72.53514791 2 2 7
-73.13085591 2 3 7
-74.52689844 2 4 7
-74.68173144 2 4 0
-74.88892957 2 2 0
-75.03940962 2 3 0
-78.32845374 2 3 4
-78.36798222 2 2 4
-78.64409008 2 2 3
-82.46182143 3 2 0 7
-83.28183706 3 3 4 7
-83.28536176 3 3 0 7
-84.26969921 3 2 3 7
-84.80569491 3 4 0 7
-85.24942255 3 2 4 7
-86.66696484 3 2 4 0
-88.03917280 3 3 4 0
-88.66170974 3 2 3 0
-91.56149385 3 2 3 4
2 64
-600.26612866 2 3 4
-606.41831611 2 5 4
-612.64996451 3 3 6 4
-612.77328360 3 3 4 7
-613.49916877 3 3 4 1
-613.52242669 3 3 4 5
-613.95319545 3 5 4 1
-614.06712788 3 3 4 0
-617.39108401 2 6 4
-617.76593347 3 5 4 0
-617.91714387 3 5 6 4
-619.77889583 3 5 4 7
-625.75838054 3 6 4 7
-628.29881690 1 4
-629.59823187 3 6 4 1
-630.03153522 3 6 4 0
-633.47898378 2 4 7
-634.83942823 2 4 1
-635.18924242 2 4 0
-637.01122266 2 3 7
-643.47511995 2 5 7
-644.20150790 3 4 1 7
-646.93839598 3 4 0 7
-647.17447581 3 4 1 0
-648.14087873 2 6 7
-648.15006597 3 3 1 7
-648.15006597 3 5 1 7
-648.24110069 3 3 7 5
-649.46556212 3 3 6 7
-650.28760077 3 3 0 7
-652.68460024 3 6 1 7
-653.40922605 3 5 6 7
-655.58893882 3 5 0 7
-658.68631612 1 7
-659.65488583 1 3
-660.45108242 3 6 0 7
-661.72051356 2 1 7
-664.75000986 2 0 7
-665.76242708 2 3 6
-666.40763306 2 3 1
-666.43726540 2 3 5
-666.49159771 2 3 0
-666.63498007 1 5
-666.97885063 2 5 1
-672.24548756 2 5 0
-672.86789703 2 5 6
-674.73858523 3 1 0 7
-678.25887352 1 6
-679.48338542 3 3 6 0
-679.54830530 3 3 6 1
-679.57793764 3 3 6 5
-680.11389783 3 3 1 0
-680.11952287 3 5 6 1
-680.14353017 3 3 0 5
-680.22314362 3 3 1 5
-680.66136031 3 5 1 0
-684.11914153 2 6 1
-684.75107355 2 6 0
-685.39925956 3 5 6 0
-696.55105737 0 
-697.81475096 3 6 1 0
-699.81461258 1 0
-699.85509985 1 1
-706.50885521 2 1 0
3 64
-17.25754235 2 5 1
-29.54056362 3 5 1 7
-30.33438837 3 5 4 1
-30.50183534 3 2 1 5
-30.88185085 3 5 1 0
-31.07305291 3 5 6 1
-38.74197457 2 2 5
-38.93968923 1 5
-41.71042903 2 5 0
-45.19432261 2 5 4
-45.84540853 2 5 7
-45.84744451 2 5 6
-49.60847163 3 2 0 5
-50.61138926 3 2 7 5
-52.29843318 3 2 4 5
-52.55748513 3 2 6 5
-54.91598457 3 5 4 0
-55.46587360 3 5 0 7
-55.52593958 3 5 6 0
-58.66846197 3 5 4 7
-59.00983317 3 5 6 4
-59.66091908 3 5 6 7
-87.95284214 2 2 6
-97.25553270 3 2 6 1
-98.34904291 2 6 7
-99.67372630 3 2 6 7
-100.44928858 1 6
-100.64239033 3 2 6 0
-101.00878787 3 2 6 4
-101.82636893 2 6 1
-101.98361325 3 6 1 7
-105.74990737 2 6 4
-105.91007846 2 6 0
-110.07755033 3 6 0 7
-111.52526230 3 6 4 7
-113.66170447 3 6 4 1
-115.45067742 3 6 1 0
-118.13373186 3 6 4 0
-212.84908039 2 2 7
-217.60224913 1 2
-218.66598252 3 2 4 7
-223.76595052 2 2 0
-224.19027923 2 2 4
-224.48652527 2 2 1
-224.58363169 3 2 1 7
-225.88116012 3 2 0 7
-234.52417384 1 7
-237.27692352 3 2 4 0
-237.38379086 3 2 4 1
-237.53873069 3 2 1 0
-238.15407928 2 1 7
-239.37168269 2 4 7
-240.34356921 2 0 7
-248.12662132 3 4 1 7
-251.15568490 3 1 0 7
-251.84293717 3 4 0 7
-252.22296747 1 4
-254.49842066 0 
-257.08896539 1 0
-257.93399206 1 1
-258.39903805 2 4 0
-258.72405031 2 4 1
-263.93368808 2 1 0
-271.75647941 3 4 1 0
4 64
-433.21056841 2 2 7
-438.42960247 3 2 7 5
-439.02747054 3 2 3 7
-441.40516297 3 2 6 7
-444.11378186 3 2 0 7
-445.92484305 3 2 1 7
-458.41790075 1 7
-461.92539574 2 0 7
-462.12582660 2 5 7
-463.26540960 2 3 7
-463.44384871 2 1 7
-463.78766116 2 6 7
-472.55649477 3 5 0 7
-473.41639076 3 3 1 7
-473.42476370 3 3 0 7
-474.18308986 3 6 0 7
-474.25784458 3 1 0 7
-474.94888005 3 3 7 5
-475.09011852 3 5 6 7
-475.32593326 3 5 1 7
-476.49754845 3 6 1 7
-476.96388054 3 3 6 7
-621.60564727 1 2
-627.72362550 2 2 0
-627.84839950 2 2 6
-628.00233405 2 2 5
-628.19367737 2 2 3
-628.21381556 2 2 1
-639.42780781 3 2 0 5
-639.50166077 3 2 1 0
-639.69487544 3 2 6 5
-639.75910313 3 2 6 0
-640.90434523 3 2 6 3
-640.99768611 3 2 6 1
-641.11108115 3 2 3 1
-641.23459849 3 2 3 0
-641.55879266 3 2 3 5
-641.73255479 3 2 1 5
-687.58243454 1 3
-688.21899800 1 5
-688.71618901 1 6
-689.85788773 0 
-692.34899566 1 0
-693.22948718 1 1
-693.65906832 2 3 0
-693.90736190 2 5 0
-694.01680780 2 3 6
-694.01954543 2 3 1
-694.47363138 2 3 5
-694.47864146 2 6 0
-694.64562860 2 5 6
-694.75820997 2 5 1
-695.51859576 2 6 1
-698.83604016 2 1 0
-706.65883149 3 3 1 0
-706.70229486 3 3 6 0
-707.11291744 3 3 0 5
-707.27874312 3 5 6 0
-707.35393131 3 3 6 1
-707.40764911 3 5 1 0
-707.80801725 3 3 6 5
-707.83505599 3 3 1 5
-708.09259585 3 5 6 1
-708.20503024 3 6 1 0
5 64
-13.81551056 2 3 1
-27.63102112 3 3 4 1
-27.63102112 3 2 3 1
-27.63102112 3 3 6 1
-27.63102112 3 3 1 7
-27.63102112 3 3 1 0
-43.55255034 2 3 6
-53.62119207 3 3 6 0
-54.24959643 3 3 6 7
-57.34375980 3 3 6 4
-57.36806090 3 2 6 3
-66.66451798 1 3
-69.68882411 2 3 7
-69.81258476 2 3 0
-73.44689755 2 2 3
-73.55571482 2 3 4
-79.84332996 3 3 0 7
-80.91870214 3 2 3 7
-81.37229456 3 3 4 7
-83.26643388 3 3 4 0
-83.46451721 3 2 3 0
-86.81201284 3 2 3 4
-92.76341792 2 2 6
-92.93772026 2 6 7
-94.38471847 3 2 6 1
-98.15439441 1 6
-98.20606758 3 2 6 7
-98.38433713 2 6 1
-100.07407074 3 6 1 7
-104.00533094 2 6 0
-104.08383400 2 6 4
-104.24017762 3 6 4 7
-104.60989386 3 2 6 4
-104.65351695 3 2 6 0
-106.14729587 3 6 0 7
-110.95833721 3 6 4 1
-112.19984769 3 6 1 0
-116.80543260 3 6 4 0
-221.61571104 2 2 1
-222.67408918 3 2 1 7
-234.83536344 3 2 1 0
-235.13445028 3 2 4 1
-236.24453678 2 1 7
-243.15639327 2 2 7
-248.12662132 3 4 1 7
-248.37542733 3 2 4 7
-249.24614240 3 1 0 7
-252.30717211 1 2
-254.49196026 1 1
-255.55995454 3 2 0 7
-256.02068306 2 4 1
-257.62199611 2 2 0
-258.36758943 1 7
-258.70385889 2 2 4
-260.68285835 2 1 0
-262.07551528 2 4 7
-264.72102558 2 0 7
-269.25446729 3 4 1 0
-269.32617842 3 2 4 0
-275.35212461 3 4 0 7
-280.58435967 1 4
-282.22324941 0 
-285.19112112 1 0
-286.74948736 2 4 0
6 64
-215.16718303 1 5
-221.40010000 2 2 5
-221.45501498 2 5 0
-221.59381363 2 5 4
-222.05850081 2 5 7
-222.07493831 2 5 1
-222.07493831 2 3 1
-222.07493831 2 3 5
-231.99260691 3 2 7 5
-233.09264139 3 2 4 5
-234.60878698 3 2 0 5
-234.82639620 3 5 4 0
-235.02279273 3 5 4 7
-235.21561056 3 2 3 1
-235.21561056 3 2 3 5
-235.21561056 3 2 1 5
-235.25104017 3 5 0 7
-235.27052554 3 3 1 0
-235.27052554 3 3 0 5
-235.27052554 3 5 1 0
-235.40932419 3 3 4 1
-235.40932419 3 5 4 1
-235.40932419 3 3 4 5
-235.87401137 3 5 1 7
-235.87401137 3 3 7 5
-235.87401137 3 3 1 7
-235.89044887 3 3 1 5
-245.18690595 1 3
-251.29444720 2 2 3
-251.31323905 2 3 7
-251.46191823 2 3 0
-251.62127921 2 3 4
-263.55875099 3 3 0 7
-263.76757851 3 2 3 7
-264.00511506 3 2 3 4
-264.45370594 3 2 3 0
-264.50514477 3 3 4 0
-265.01171000 3 3 4 7
-362.44660313 2 2 1
-363.00856409 3 2 1 7
-372.04447740 2 1 7
-375.05943195 3 2 1 0
-375.23047368 3 2 4 1
-376.94293259 2 2 7
-378.18256145 1 1
-380.47167004 2 4 1
-380.94385419 1 2
-383.75353620 2 1 0
-384.42311183 3 1 0 7
-385.09817714 3 4 1 7
-385.13752716 3 2 4 7
-387.18660642 2 2 4
-387.48836998 1 7
-387.57726614 2 2 0
-389.52584244 3 2 0 7
-392.85813040 2 4 7
-393.12252628 3 4 1 0
-393.82476988 2 0 7
-398.09433931 1 4
-399.23603804 0 
-399.61274376 3 2 4 0
-402.64080517 1 0
-404.77045096 2 4 0
-406.08246400 3 4 0 7
7 64
-439.43484651 2 5 4
-445.09240613 2 3 4
-450.04578946 3 3 4 1
-450.51487781 3 5 4 0
-452.70748199 2 6 4
-452.74915671 3 5 4 1
-452.79542623 3 2 4 5
-452.86382562 3 5 6 4
-452.90898587 3 3 4 5
-455.35613969 3 3 4 0
-457.59956107 3 2 3 4
-457.94369091 1 4
-458.48283692 3 3 6 4
-460.64321845 2 4 1
-461.07477852 3 2 6 4
-461.91224057 2 4 0
-463.12385779 2 2 4
-463.22425361 3 6 4 0
-465.26972556 3 6 4 1
-470.00529812 3 2 4 1
-472.03620404 3 4 1 0
-473.66139413 3 2 4 0
-642.36815780 2 2 5
-646.76576790 2 2 3
-647.51801505 2 2 6
-651.51893664 1 2
-652.29427062 2 2 1
-652.39137704 3 2 3 1
-652.85623158 3 2 6 1
-652.96066471 3 2 6 5
-653.35264876 3 2 1 5
-654.23757250 3 2 3 5
-655.20919621 3 2 0 5
-657.27123778 2 2 0
-659.21981408 3 2 6 0
-659.23889921 3 2 6 3
-659.38644737 3 2 3 0
-664.84412964 3 2 1 0
-665.52801791 1 5
-669.40943107 1 3
-670.64894414 2 3 1
-671.86574494 2 5 0
-672.18143343 2 5 1
-672.41933569 2 5 6
-672.43373720 2 3 5
-675.53576417 2 3 6
-675.59044431 2 3 0
-677.63600984 1 6
-683.51980520 2 6 0
-683.83639645 3 3 1 0
-684.29077287 2 6 1
-684.44801719 3 3 6 1
-684.46445469 3 3 1 5
-685.17768367 3 5 1 0
-685.62118951 3 3 0 5
-685.66177013 3 5 6 0
-685.98050648 3 5 6 1
-686.23281026 3 3 6 5
-687.68727707 3 3 6 0
-689.38367789 0 
-690.42885692 1 1
-692.33584049 1 0
-696.61439962 2 1 0
-697.28397525 3 6 1 0
