8
0 64
-19.05536663 1 1
-22.15063868 2 7 1
-22.47801541 1 5
-23.26922464 0 
-23.77133144 1 6
-24.40723345 2 6 1
-24.50228433 2 5 1
-24.50228433 2 3 5
-24.50228433 2 3 1
-24.54279206 2 1 4
-24.57667881 2 2 1
-24.95471607 1 7
-25.09527948 1 4
-25.49857678 1 2
-25.66028943 2 5 7
-25.88209100 1 3
-27.05302231 2 5 4
-27.05695574 2 6 7
-27.80649231 2 2 5
-27.90442545 2 5 6
-28.23931940 2 3 6
-28.33965779 2 6 4
-28.61544756 2 7 4
-28.88669532 2 2 6
-28.98716628 2 2 4
-29.54147744 2 2 7
-30.23695492 2 3 7
-30.43882139 2 3 4
-30.81105065 2 3 2
-32.80325537 3 7 1 4
-32.87469117 3 6 1 7
-33.04047425 3 5 7 1
-33.04047425 3 3 7 1
-33.04047425 3 3 5 7
-33.08849456 3 2 7 1
-34.72383862 3 2 1 4
-35.29317441 3 5 7 4
-35.40200512 3 6 1 4
-35.44574027 3 2 6 1
-35.45015529 3 5 6 1
-35.45015529 3 3 6 1
-35.45015529 3 3 5 6
-35.50680549 3 5 1 4
-35.50680549 3 3 1 4
-35.50680549 3 3 5 4
-35.54342420 3 3 5 2
-35.54342420 3 3 1 2
-35.54342420 3 2 5 1
-35.54520616 3 3 5 1
-36.10919703 3 2 5 7
-36.40728047 3 6 7 4
-36.53742818 3 5 6 7
-37.12989779 3 3 6 7
-37.22502548 3 2 5 4
-37.36103587 3 2 6 7
-37.69405149 3 2 7 4
-37.99114377 3 5 6 4
-38.46396352 3 2 6 4
-38.49648685 3 3 6 4
-38.75173021 3 3 6 2
-38.75173021 3 2 5 6
-39.35349640 3 3 7 4
-39.79507678 3 3 2 4
-40.33576446 3 3 7 2
1 64
-11.04292184 2 3 5
-12.26948265 1 5
-14.29375157 2 0 5
-14.42734555 1 6
-14.79734590 1 0
-15.06324756 2 0 6
-16.33542774 2 5 4
-17.48840064 2 2 5
-17.71982013 2 5 7
-17.79094357 2 5 6
-18.31703958 2 3 6
-18.50105951 2 0 7
-18.54895819 2 6 4
-18.56261794 2 0 4
-18.75237578 2 2 0
-19.01120391 0 
-19.11510536 1 4
-19.33000602 2 2 6
-19.67427376 1 2
-19.94205864 2 6 7
-20.28145802 2 3 0
-21.30513690 1 7
-21.66126469 1 3
-22.08584367 3 3 5 7
-22.08584367 3 3 5 6
-22.08584367 3 3 5 4
-22.08584367 3 3 5 2
-22.08584367 3 3 5 0
-23.47083229 2 2 4
-24.48652375 2 3 4
-24.59512184 2 7 4
-24.78921092 3 0 5 4
-24.99481222 2 3 2
-25.06027680 2 2 7
-25.10000496 3 0 5 7
-25.22533253 3 2 5 0
-25.33667341 3 0 5 6
-25.52787547 3 3 0 6
-25.61130552 3 0 6 4
-25.75979407 3 0 6 7
-25.88905096 3 2 0 6
-26.66350019 2 3 7
-27.29122304 3 5 7 4
-27.37834958 3 5 6 4
-27.37834958 3 2 5 4
-28.19448669 3 3 6 4
-28.23949382 3 2 5 7
-28.53132247 3 3 6 2
-28.53132247 3 2 5 6
-28.60729392 3 2 0 7
-28.76274197 3 5 6 7
-28.78292965 3 0 7 4
-29.20750463 3 2 0 4
-29.35521158 3 3 6 7
-29.40212068 3 6 7 4
-29.46701953 3 3 0 7
-29.55450786 3 3 0 4
-29.59188002 3 2 6 4
-29.72718578 3 3 0 2
-30.22530126 3 2 6 7
-34.28973202 3 3 2 4
-34.44322175 3 2 7 4
-35.49143161 3 3 7 4
-35.85456382 3 3 7 2
2 64
-165.62651058 2 6 4
-166.69997280 1 4
-167.78357132 2 5 4
-169.02328489 2 3 4
-170.09296810 1 7
-170.59185960 2 0 4
-170.78045761 2 7 4
-171.05569972 2 1 4
-171.12828529 2 6 7
-171.23074692 2 5 7
-172.55935698 2 3 7
-172.99676381 1 6
-173.72237580 1 5
-173.84810801 2 7 1
-174.67972947 2 0 7
-174.99806985 3 6 7 4
-175.60774625 1 3
-175.62293613 3 5 6 4
-175.62293613 3 3 6 4
-175.75081632 3 0 6 4
-176.02562714 3 5 7 4
-176.04752560 0 
-176.66943242 3 6 1 4
-176.71059544 1 1
-177.29334115 3 3 7 4
-177.77888641 2 5 6
-177.89942428 2 6 1
-177.95557450 3 0 5 4
-178.11212769 2 0 6
-178.27687774 1 0
-178.30498242 2 3 6
-178.37954028 3 3 0 4
-178.82649316 3 5 1 4
-178.82649316 3 3 5 4
-178.82649316 3 3 1 4
-178.94129378 2 5 1
-178.94129378 2 3 5
-178.94129378 2 3 1
-179.05085269 2 0 5
-179.85906154 3 0 7 4
-180.53670590 2 3 0
-180.62855753 3 7 1 4
-181.20312930 3 5 6 7
-181.23674629 3 0 1 4
-181.41152790 3 6 1 7
-181.43236541 3 0 6 7
-181.54102541 3 3 6 7
-181.67965452 3 0 5 7
-181.75042061 3 5 7 1
-181.75042061 3 3 7 1
-181.75042061 3 3 5 7
-182.23190763 2 0 1
-182.65816652 3 3 0 7
-184.78596388 3 0 7 1
-188.51926531 3 5 6 1
-188.51926531 3 3 6 1
-188.51926531 3 3 5 6
-188.62619116 3 0 5 6
-188.81739323 3 3 0 6
-188.93793110 3 0 6 1
-189.98243366 3 3 5 0
-189.98243366 3 3 0 1
-189.98243366 3 0 5 1
-189.98421562 3 3 5 1
3 64
-11.04292184 2 5 1
-12.26948265 1 5
-14.29375157 2 0 5
-16.33542774 2 5 4
-17.48840064 2 2 5
-17.71982013 2 5 7
-17.79094357 2 5 6
-20.91600407 1 6
-22.08584367 3 5 1 4
-22.08584367 3 5 7 1
-22.08584367 3 5 6 1
-22.08584367 3 2 5 1
-22.08584367 3 0 5 1
-24.78921092 3 0 5 4
-24.80569811 2 6 1
-25.10000496 3 0 5 7
-25.22533253 3 2 5 0
-25.33667341 3 0 5 6
-25.38399203 2 0 6
-26.13581180 2 6 4
-26.19583627 2 6 7
-26.22422268 2 2 6
-27.29122304 3 5 7 4
-27.37834958 3 5 6 4
-27.37834958 3 2 5 4
-28.23949382 3 2 5 7
-28.53132247 3 2 5 6
-28.76274197 3 5 6 7
-35.42553914 3 2 6 1
-35.60898921 3 6 1 7
-35.78134031 3 6 1 4
-35.84861995 3 0 6 1
-36.08925757 3 2 0 6
-36.13223735 3 6 7 4
-36.13223735 3 2 6 4
-36.26877832 3 0 6 7
-36.29264087 3 0 6 4
-36.60857639 3 2 6 7
-41.07509840 1 2
-41.38693838 1 7
-41.51487776 0 
-43.85332726 2 2 7
-43.90800685 1 4
-44.12774411 1 0
-44.16493854 1 1
-45.48105378 2 7 4
-46.23131894 2 2 4
-46.38757227 2 2 0
-46.39563687 2 2 1
-46.66917723 2 0 7
-46.74530168 2 7 1
-49.25154876 2 0 4
-49.27942524 2 1 4
-49.61185624 2 0 1
-51.99393731 3 2 7 4
-54.64761428 3 2 7 1
-54.64761428 3 2 0 7
-56.21910262 3 0 7 4
-56.37736355 3 7 1 4
-57.03922944 3 2 0 4
-57.05021867 3 2 1 4
-57.36238226 3 2 0 1
-57.63513725 3 0 7 1
-60.24343867 3 0 1 4
4 64
-127.54331178 1 7
-128.23080129 2 2 7
-130.83329672 2 7 1
-130.89395568 2 5 7
-131.20404326 2 0 7
-131.63742717 2 3 7
-131.73426447 2 6 7
-135.60404903 3 2 6 7
-135.68883590 3 2 5 7
-136.37141134 3 3 7 2
-136.38337534 3 2 0 7
-137.61374624 3 2 7 1
-140.46535859 3 5 7 1
-140.46535859 3 3 7 1
-140.46535859 3 3 5 7
-140.52684066 3 0 5 7
-140.75396865 3 3 0 7
-141.08458920 3 0 6 7
-141.19432651 3 6 1 7
-141.48591341 3 0 7 1
-141.67066555 3 3 6 7
-141.75779209 3 5 6 7
-163.15518684 1 2
-165.02529782 2 2 6
-166.64377634 2 2 0
-166.95174537 2 2 1
-167.71637824 2 2 5
-168.31140738 2 3 2
-172.39555104 1 6
-172.50273964 0 
-172.60664109 1 1
-173.65518271 1 5
-174.32879448 1 0
-174.60256602 3 2 0 6
-174.89586874 1 3
-174.93331249 3 3 6 2
-175.28717182 3 2 6 1
-175.74944960 3 2 5 6
-176.51716369 2 6 1
-176.96387739 2 0 6
-177.09890519 3 2 0 1
-177.13491141 3 2 5 0
-177.29543351 3 3 0 2
-177.60632718 3 3 5 2
-177.60632718 3 3 1 2
-177.60632718 3 2 5 1
-177.61535878 2 3 6
-177.72112780 2 3 5
-177.72112780 2 3 1
-177.72112780 2 5 1
-177.90539988 2 5 6
-178.09406653 2 0 1
-178.23018961 2 0 5
-179.45259913 2 3 0
-187.49280588 3 5 6 1
-187.49280588 3 3 6 1
-187.49280588 3 3 5 6
-187.51193536 3 0 6 1
-187.87252622 3 3 0 6
-187.99211820 3 0 5 6
-188.72564896 3 3 5 0
-188.72564896 3 3 0 1
-188.72564896 3 0 5 1
-188.76404963 3 3 5 1
5 64
-11.04292184 2 3 1
-18.31703958 2 3 6
-20.28145802 2 3 0
-21.44210009 1 6
-21.66126469 1 3
-22.08584367 3 3 7 1
-22.08584367 3 3 6 1
-22.08584367 3 3 1 4
-22.08584367 3 3 1 2
-22.08584367 3 3 0 1
-24.48652375 2 3 4
-24.80569811 2 6 1
-24.99481222 2 3 2
-25.52787547 3 3 0 6
-25.57519410 2 0 6
-26.22422268 2 2 6
-26.66350019 2 3 7
-26.78830589 2 6 7
-26.95194892 2 6 4
-28.19448669 3 3 6 4
-28.53132247 3 3 6 2
-29.35521158 3 3 6 7
-29.46701953 3 3 0 7
-29.55450786 3 3 0 4
-29.72718578 3 3 0 2
-34.28973202 3 3 2 4
-35.42553914 3 2 6 1
-35.49143161 3 3 7 4
-35.60898921 3 6 1 7
-35.78134031 3 6 1 4
-35.84861995 3 0 6 1
-35.85456382 3 3 7 2
-36.08925757 3 2 0 6
-36.26877832 3 0 6 7
-36.60343490 3 0 6 4
-36.81183350 3 6 7 4
-36.86314990 3 2 6 7
-36.94837447 3 2 6 4
-44.16493854 1 1
-46.39563687 2 2 1
-46.74530168 2 7 1
-48.58150999 1 2
-49.27942524 2 1 4
-49.61185624 2 0 1
-50.11545056 1 0
-50.33061844 1 7
-50.88942551 2 2 0
-50.90665979 0 
-51.03619180 2 0 7
-51.46839726 2 2 7
-52.05910286 1 4
-53.14270138 2 2 4
-53.68126234 2 7 4
-54.01684569 2 0 4
-54.64761428 3 2 7 1
-56.37736355 3 7 1 4
-57.05021867 3 2 1 4
-57.36238226 3 2 0 1
-57.63513725 3 0 7 1
-58.03611685 3 2 0 7
-58.92643187 3 2 7 4
-60.24343867 3 0 1 4
-60.35898919 3 0 7 4
-61.38056058 3 2 0 4
6 64
-50.08137928 1 5
-53.97563891 2 5 7
-54.13788990 2 2 5
-54.33159645 2 5 4
-55.50778932 2 0 5
-55.60284020 2 5 1
-55.60284020 2 3 5
-55.60284020 2 3 1
-58.94706531 1 3
-61.30429371 2 3 0
-61.64430148 2 3 2
-61.66655535 2 3 4
-62.17096126 3 2 5 4
-62.32684936 2 3 7
-63.94802130 3 2 5 7
-64.83947532 3 5 7 4
-64.85277767 3 0 5 7
-65.01856075 3 5 7 1
-65.01856075 3 3 7 1
-65.01856075 3 3 5 7
-65.08312780 3 2 5 0
-65.18081173 3 3 5 2
-65.18081173 3 3 1 2
-65.18081173 3 2 5 1
-65.26971792 3 0 5 4
-65.37451829 3 5 1 4
-65.37451829 3 3 5 4
-65.37451829 3 3 1 4
-66.55071116 3 3 0 1
-66.55071116 3 0 5 1
-66.55071116 3 3 5 0
-66.64576204 3 3 5 1
-68.26620658 3 3 2 4
-69.21979223 3 3 0 7
-69.58498104 3 3 0 2
-69.72422081 3 3 0 4
-71.30851779 3 3 7 2
-72.36008774 3 3 7 4
-74.96208063 1 1
-76.15090946 2 2 1
-76.15487322 2 7 1
-76.49517720 1 2
-77.51795147 1 7
-78.36528818 2 2 4
-78.55326865 2 2 7
-78.87260322 2 1 4
-79.43875039 1 4
-79.54593899 0 
-79.62019114 2 0 7
-79.88329574 2 2 0
-80.04804579 1 0
-80.31394745 2 0 1
-81.70890417 2 7 4
-82.68312870 2 0 4
-83.71829311 3 2 7 1
-84.48633591 3 2 1 4
-85.92651640 3 2 7 4
-86.37282708 3 2 0 7
-86.51590301 3 7 1 4
-86.87892571 3 0 7 1
-87.01997092 3 2 0 1
-87.84208542 3 2 0 4
-89.50073708 3 0 7 4
-89.73181628 3 0 1 4
7 64
-125.20987998 1 4
-126.78292691 2 3 4
-126.83203946 2 5 4
-127.48003375 2 6 4
-128.73004805 2 0 4
-129.29036480 2 2 4
-130.68989645 2 1 4
-135.05298316 3 3 2 4
-135.07219156 3 0 5 4
-135.07409528 3 2 5 4
-135.54765644 3 0 6 4
-135.69760192 3 3 0 4
-136.85159302 3 2 6 4
-137.33991833 3 5 6 4
-137.47645930 3 3 6 4
-137.78783476 3 5 1 4
-137.78783476 3 3 5 4
-137.78783476 3 3 1 4
-137.99725000 3 2 0 4
-138.33319625 3 6 1 4
-138.95035976 3 0 1 4
-140.26275426 3 2 1 4
-164.21475035 1 2
-166.27284180 2 2 6
-166.99297921 2 3 2
-167.10163762 2 2 5
-168.14132033 1 6
-168.25765100 2 2 0
-169.59326650 1 5
-169.60075339 2 2 1
-170.04136847 1 3
-170.16930785 0 
-171.42694463 2 0 6
-171.85479927 1 0
-172.46324083 1 1
-172.77554051 2 0 5
-173.42115253 2 3 6
-173.48752613 2 5 6
-173.65603342 2 6 1
-174.39623239 2 3 0
-174.74718235 3 2 0 6
-175.04360397 2 5 1
-175.04360397 2 3 5
-175.04360397 2 3 1
-175.40434234 3 2 5 0
-175.55851289 2 0 1
-176.51769302 3 3 0 2
-176.65719551 3 3 6 2
-176.91176902 3 2 5 6
-177.16813704 3 2 6 1
-177.85273080 3 3 1 2
-177.85273080 3 2 5 1
-177.85273080 3 3 5 2
-178.11256914 3 2 0 1
-182.12052885 3 0 5 6
-182.12349114 3 0 6 1
-182.31173091 3 3 0 6
-183.58179390 3 3 5 0
-183.58179390 3 3 0 1
-183.58179390 3 0 5 1
-184.45932452 3 5 6 1
-184.45932452 3 3 6 1
-184.45932452 3 3 5 6
-186.08652581 3 3 5 1
