8
0 64
-64.00161465 0 
-66.37004662 1 1
-66.81795573 1 3
-67.20207141 1 4
-67.37666790 1 7
-67.40740224 1 6
-67.40742487 1 2
-67.41742297 1 5
-71.36046675 2 2 1
-71.90268173 2 2 5
-72.04587069 2 6 1
-72.51047934 2 7 1
-72.62257563 2 2 6
-72.62381523 2 3 5
-72.62381523 2 3 1
-72.70081435 2 5 1
-72.73165500 2 4 1
-73.12485531 2 7 4
-73.35175296 2 2 4
-73.42173573 2 3 4
-73.61708348 2 3 2
-73.62899766 2 6 4
-73.67953950 2 6 5
-73.68300986 2 7 6
-73.69100094 2 3 6
-73.69750403 2 7 3
-73.71336045 2 4 5
-73.82782178 2 7 2
-73.87921597 2 7 5
-83.61567700 3 2 4 5
-83.88295894 3 2 6 1
-84.27197378 3 2 4 1
-84.48824593 3 3 2 5
-84.48824593 3 3 2 1
-84.48824593 3 2 5 1
-84.70403936 3 7 2 1
-84.98312794 3 2 6 4
-85.05570099 3 7 4 1
-85.08334805 3 2 6 5
-85.12712898 3 7 2 5
-85.28754279 3 7 6 1
-85.34731020 3 6 4 1
-85.35425631 3 7 2 6
-85.72922072 3 7 3 5
-85.72922072 3 7 3 1
-85.75504142 3 3 6 5
-85.75504142 3 3 6 1
-85.81736307 3 3 4 5
-85.81736307 3 3 4 1
-85.83847148 3 6 5 1
-85.85454830 3 7 5 1
-85.94269064 3 4 5 1
-86.19146614 3 7 6 4
-86.19161646 3 7 2 4
-86.19727038 3 3 2 6
-86.36284046 3 7 4 5
-86.42766011 3 7 4 3
-86.43932579 3 3 5 1
-86.51376465 3 3 2 4
-86.62491903 3 7 6 3
-86.78767872 3 3 6 4
-86.85680968 3 6 4 5
-87.07210162 3 7 6 5
-87.08331188 3 7 2 3
1 64
-18.83188005 2 3 5
-32.14252942 3 3 4 5
-32.44871331 3 7 3 5
-32.53297678 3 3 2 5
-32.61068821 3 3 6 5
-32.64739061 3 3 0 5
-41.71097629 1 5
-46.99436768 2 0 5
-47.69352836 2 7 5
-48.12876920 2 2 5
-48.47245297 2 6 5
-48.57533565 2 4 5
-55.84909099 1 6
-57.86544922 2 3 6
-59.02292333 3 7 2 5
-59.05894141 3 2 4 5
-59.66886069 3 7 0 5
-59.96484255 3 7 6 5
-60.11997332 3 6 4 5
-60.48755943 2 0 6
-60.63138495 3 0 6 5
-60.71433340 3 2 0 5
-60.80466584 3 0 4 5
-61.20897222 3 7 4 5
-61.74032519 3 2 6 5
-61.78758668 2 6 4
-61.94551946 2 2 6
-62.17583781 2 7 6
-69.92948970 3 3 0 6
-70.12908381 3 3 2 6
-70.15040621 3 7 6 3
-70.26575373 3 3 6 4
-72.37517233 3 7 2 6
-73.20590277 3 2 0 6
-73.50589922 3 0 6 4
-73.78037074 3 7 0 6
-74.19823302 3 2 6 4
-75.32535214 3 7 6 4
-77.11718837 0 
-78.09241242 1 2
-79.17011157 1 7
-79.37940352 1 4
-79.48562034 1 0
-80.54149682 1 3
-81.59707272 2 7 2
-82.04545431 2 2 0
-84.08249546 2 2 4
-84.30392301 2 7 0
-84.90898711 2 0 4
-84.94760178 2 7 4
-84.95837664 2 3 2
-85.99001272 2 7 3
-86.02117043 2 3 4
-86.34735632 2 3 0
-92.47329030 3 7 0 2
-94.76468747 3 7 2 4
-95.00271629 3 2 0 4
-95.16555713 3 7 2 3
-95.82953910 3 3 0 2
-96.87844745 3 7 0 4
-97.55079423 3 3 2 4
-98.00140398 3 7 4 3
-98.02172941 3 7 0 3
-98.41679777 3 3 0 4
2 64
-651.13213036 2 3 4
-652.44682304 2 4 5
-659.98107672 2 6 4
-662.34913959 3 0 4 5
-662.66175416 3 3 4 5
-662.66175416 3 3 4 1
-662.93042880 3 4 5 1
-663.47575565 3 3 6 4
-664.17799274 3 7 4 3
-664.22415928 3 3 0 4
-664.96779620 3 7 4 5
-665.16395386 3 6 4 5
-665.38185664 1 4
-670.08494858 2 4 1
-670.95657857 2 7 5
-671.33520700 3 0 6 4
-671.53153819 2 0 4
-672.03771989 2 7 4
-672.33685237 3 7 6 4
-672.39172306 3 6 4 1
-672.67430752 2 7 3
-676.34742594 2 7 6
-677.43602546 1 5
-679.18547465 1 3
-680.69108891 1 7
-681.62526736 3 0 4 1
-681.84985193 3 7 3 1
-681.85480558 3 7 4 1
-681.92128422 2 0 5
-681.94187489 3 7 3 5
-682.20449157 3 7 0 5
-682.28597354 3 7 5 1
-682.70587503 2 6 5
-683.11805006 2 7 1
-683.33465886 3 7 6 5
-683.43548054 2 3 6
-683.60235446 2 3 1
-683.71676829 2 3 5
-683.85381836 2 5 1
-684.36176085 3 7 6 3
-684.55434487 1 6
-685.10448104 3 7 0 4
-685.98460239 2 3 0
-686.06011537 3 7 0 3
-686.54676046 3 7 6 1
-687.14224279 2 7 0
-688.01867239 3 7 0 6
-689.76951825 2 0 6
-690.65077333 2 6 1
-694.10968358 3 0 6 5
-695.31161008 3 7 0 1
-695.46678517 3 3 0 1
-695.58119900 3 3 0 5
-695.64124995 3 0 5 1
-695.69911514 3 3 6 1
-695.81807099 3 3 6 5
-695.94174998 3 3 0 6
-695.97374725 3 6 5 1
-696.59905820 0 
-697.41786502 3 3 5 1
-697.57428225 1 1
-700.00486842 1 0
-702.48786159 3 0 6 1
-702.56470239 2 0 1
3 64
-17.41797153 2 5 1
-30.77050998 3 4 5 1
-30.77050998 3 7 5 1
-30.98201819 3 2 5 1
-31.15648297 3 6 5 1
-31.15648297 3 0 5 1
-40.29706777 1 5
-45.50346003 2 0 5
-46.01532502 2 7 5
-46.57781060 2 2 5
-47.01824772 2 6 5
-47.20331620 2 4 5
-57.00062135 3 7 2 5
-57.41824733 3 2 4 5
-57.86532978 3 7 0 5
-58.33159250 3 7 6 5
-58.80951663 3 6 4 5
-59.09374965 3 0 6 5
-59.16337480 3 2 0 5
-59.30731882 3 0 4 5
-59.66210456 3 7 4 5
-60.13044368 3 2 6 5
-102.01542527 2 7 6
-102.53682360 2 2 6
-103.65568793 1 6
-105.67204616 2 6 1
-108.76523842 2 6 4
-109.93928663 2 0 6
-109.98999367 3 7 6 1
-110.02976019 3 7 2 6
-110.72038796 3 2 6 1
-112.25991735 3 2 6 4
-113.69319188 3 7 6 4
-114.95733444 3 7 0 6
-116.11151836 3 2 0 6
-117.24340547 3 6 4 1
-119.38121689 3 0 6 1
-121.92391948 3 0 6 4
-194.72307359 2 7 2
-196.27429486 3 7 2 4
-201.85677755 1 2
-202.73985498 1 7
-204.13402201 2 7 4
-205.09655263 2 2 4
-207.97856368 3 7 0 2
-208.06643616 2 2 0
-208.29155800 3 7 2 1
-208.72274177 2 2 1
-209.06069111 2 7 0
-209.55975613 2 7 1
-217.18782421 3 7 4 1
-217.43682682 3 7 0 4
-218.25856433 3 2 0 4
-218.56485140 3 2 4 1
-219.27036110 0 
-219.34627891 1 4
-221.85052095 3 2 0 1
-222.08670218 1 0
-222.69466955 1 1
-222.77849751 3 7 0 1
-225.56594323 2 0 4
-225.98804582 2 4 1
-228.94843817 2 0 1
-239.07375389 3 0 4 1
4 64
-419.06790880 2 7 2
-420.61913007 3 7 2 3
-421.89128452 3 7 2 5
-424.29720585 3 7 2 6
-427.72127782 1 7
-427.88006689 2 7 5
-428.30777942 2 7 6
-429.11544485 2 7 3
-431.43170348 3 7 0 2
-432.23552355 3 7 2 1
-433.46946523 2 7 0
-433.49876803 2 7 1
-439.31795078 3 7 6 5
-439.98554603 3 7 6 3
-440.36369137 3 7 0 5
-440.81623570 3 7 0 6
-441.12683611 3 7 3 1
-441.39551074 3 7 5 1
-441.45729375 3 7 6 1
-441.52684642 3 7 3 5
-441.84560094 3 7 0 3
-446.04398968 3 7 0 1
-657.92328472 1 2
-661.16305981 2 3 2
-662.94273656 2 2 6
-663.30548803 2 2 5
-663.86761282 2 2 0
-663.91336776 2 2 1
-672.66583030 3 3 2 6
-673.75547740 3 3 2 1
-674.05974099 3 3 0 2
-674.14592476 3 3 2 5
-674.23566024 3 2 5 1
-675.01848330 3 2 0 5
-675.19545012 3 2 6 1
-675.30328886 3 2 0 6
-676.22239117 3 2 6 5
-676.82487479 3 2 0 1
-687.51600470 1 6
-688.29469045 1 5
-689.14048628 0 
-689.21640409 1 3
-691.40270143 1 1
-692.34094305 1 0
-692.62555519 2 3 6
-693.45450039 2 6 1
-693.73760012 2 0 6
-693.76431235 2 6 5
-694.59062794 2 0 5
-694.69607770 2 3 1
-695.15904981 2 5 1
-695.20093889 2 3 5
-695.82018410 2 3 0
-697.76430982 2 0 1
-705.02585970 3 3 6 1
-705.41183269 3 6 5 1
-705.55558125 3 3 6 5
-705.72223296 3 3 0 6
-706.75593990 3 0 6 1
-706.94158253 3 0 6 5
-707.88962554 3 3 0 1
-708.39448672 3 3 0 5
-708.40092610 3 0 5 1
-708.51158826 3 3 5 1
5 64
-13.81551056 2 3 1
-27.63102112 3 3 2 1
-27.63102112 3 3 6 1
-27.63102112 3 3 4 1
-27.63102112 3 3 0 1
-27.63102112 3 7 3 1
-52.88578212 2 3 6
-64.94982260 3 3 0 6
-65.26837257 3 3 2 6
-65.37766729 3 7 6 3
-65.81580818 3 3 6 4
-75.52512733 1 3
-80.05642098 2 3 2
-81.17232052 2 7 3
-81.33098683 2 3 0
-81.50966212 2 3 4
-90.43988789 3 7 2 3
-90.92758343 3 3 0 2
-93.03928592 3 3 2 4
-93.20403722 3 7 0 3
-93.58372209 3 7 4 3
-93.90528946 3 3 0 4
-102.14658431 2 6 1
-106.85050481 3 7 6 1
-107.46955822 3 2 6 1
-107.67475249 2 2 6
-109.06150006 2 7 6
-109.52322232 1 6
-114.10391660 3 6 4 1
-115.77152997 2 6 4
-115.79535958 2 0 6
-115.93918510 3 0 6 1
-116.04873299 3 7 2 6
-120.07167142 3 7 6 4
-120.13552491 3 2 0 6
-120.95440711 3 2 6 4
-122.45059182 3 7 0 6
-128.99934199 3 0 6 4
-205.37174470 2 2 1
-205.58819075 3 7 2 1
-206.42026727 2 7 1
-214.31700998 3 7 4 1
-215.69403718 3 2 4 1
-218.49952387 3 2 0 1
-219.09220858 1 1
-219.76433622 3 7 0 1
-222.84855696 2 4 1
-225.42297632 2 0 1
-228.16234014 2 7 2
-230.98571586 3 7 2 4
-235.33538792 1 2
-236.05959260 3 0 4 1
-237.89685047 1 7
-238.05563954 2 7 4
-239.46164733 3 7 0 2
-239.83064479 2 2 0
-240.71759123 2 2 4
-244.39939855 2 7 0
-250.98151527 3 2 0 4
-251.29362469 3 7 0 4
-253.65262483 1 4
-254.49842066 0 
-257.91422898 1 0
-260.16391387 2 0 4
6 64
-225.40367058 1 5
-230.67352015 2 2 5
-230.87329247 2 4 5
-231.65818756 2 7 5
-231.66578711 2 0 5
-232.08814814 2 3 1
-232.12485053 2 3 5
-232.16514725 2 5 1
-242.41793014 3 4 5 1
-242.41793014 3 3 4 1
-242.47949290 3 3 4 5
-243.09607145 3 7 4 5
-243.59042329 3 2 4 5
-243.85418647 3 2 0 5
-243.92950175 3 7 3 1
-243.92950175 3 7 5 1
-243.97445503 3 7 3 5
-244.01674170 3 0 4 5
-244.03626785 3 7 2 5
-244.18490881 3 3 2 1
-244.22615323 3 3 2 5
-244.28507614 3 2 5 1
-244.85107321 3 7 0 5
-245.21937433 3 3 0 1
-245.25607673 3 3 0 5
-245.30280438 3 0 5 1
-245.90365869 3 3 5 1
-254.76419574 1 3
-258.17334684 2 3 4
-259.01420164 2 3 2
-259.76910827 2 7 3
-261.63724096 2 3 0
-270.51697213 3 3 2 4
-270.63920944 3 7 4 3
-271.45656159 3 7 2 3
-271.53928982 3 3 0 4
-271.59438854 3 3 0 2
-272.69652326 3 7 0 3
-342.18726261 2 2 1
-343.49926421 2 7 1
-346.92797462 3 7 2 1
-349.11077153 1 1
-351.16257049 2 4 1
-351.45778994 3 7 4 1
-353.46934497 3 2 4 1
-354.70975480 3 2 0 1
-354.78659560 2 0 1
-356.14987500 2 7 2
-356.27632767 3 7 0 1
-358.33415558 1 2
-360.49353797 1 7
-361.08003957 2 7 4
-361.37917206 3 7 2 4
-363.35360741 2 2 4
-363.54930634 2 2 0
-363.77822569 3 0 4 1
-366.79987994 2 7 0
-367.67630953 3 7 0 2
-368.75438733 1 4
-370.37886891 0 
-373.78465651 1 0
-374.14665041 3 7 0 4
-374.98498239 3 2 0 4
-375.18131358 2 0 4
7 64
-407.36702425 2 4 5
-407.75175265 2 3 4
-415.28966179 2 6 4
-419.58980324 3 6 4 5
-419.73198619 3 3 4 1
-419.82581261 3 3 4 5
-419.88799742 3 2 4 5
-420.00066082 3 4 5 1
-420.01650426 3 0 4 5
-420.21761525 3 3 6 4
-420.75767703 3 3 0 4
-420.79761502 3 3 2 4
-422.96400954 1 4
-427.64543744 3 2 6 4
-427.85213027 3 0 6 4
-428.53220780 2 4 1
-428.82742725 3 6 4 1
-428.88679344 2 0 4
-429.61987279 2 2 4
-440.30206480 3 2 4 1
-440.85625379 3 0 4 1
-442.45973629 3 2 0 4
-661.30220093 2 2 5
-661.34154476 2 3 2
-666.29096814 2 2 6
-667.78164782 1 5
-667.85271188 1 3
-668.47524872 1 2
-671.54872525 3 3 2 1
-671.72501168 3 3 2 5
-671.97990901 2 2 1
-672.19635506 3 2 5 1
-672.85762441 2 3 6
-673.30122778 2 3 1
-673.49990508 2 3 5
-673.76419989 2 5 1
-673.78390472 3 3 2 6
-674.03616481 2 6 5
-674.24344083 2 0 5
-674.49788707 1 6
-674.52664818 3 2 0 5
-674.66494863 3 2 6 5
-674.73226019 2 3 0
-674.80777316 3 3 0 2
-674.89564563 2 2 0
-676.72062101 3 2 6 1
-679.02264882 3 2 0 6
-680.77349468 2 0 6
-680.82463389 2 6 1
-684.38321801 0 
-685.14258140 3 3 6 1
-685.32348162 3 2 0 1
-685.34950958 3 3 6 5
-685.52855439 3 6 5 1
-685.79154249 3 3 0 6
-686.40663328 3 3 0 1
-686.43614120 1 1
-686.60531057 3 3 0 5
-686.91793384 3 0 5 1
-687.11673834 3 3 5 1
-687.42872692 3 0 6 5
-687.75827126 1 0
-692.57657393 2 0 1
-694.06630599 3 0 6 1
