8
0 64
-23.26922464 0 
-25.37821942 1 2
-25.72855030 1 5
-25.76318341 1 3
-25.78987871 1 6
-25.97175038 1 7
-25.97175038 1 4
-25.99756555 1 1
-30.36244882 2 2 7
-30.41911959 2 5 6
-30.46231408 2 4 2
-30.46307854 2 5 2
-30.50024468 2 3 2
-30.56760814 2 3 6
-30.67285073 2 2 6
-30.79170155 2 4 6
-30.86618300 2 2 1
-30.88302282 2 4 7
-30.99825531 2 7 6
-31.13660128 2 5 7
-31.17543765 2 5 4
-31.18154888 2 3 7
-31.21137482 2 3 4
-31.24351052 2 1 6
-31.25001122 2 5 1
-31.25001122 2 3 1
-31.25001122 2 3 5
-31.45399310 2 7 1
-31.45985722 2 4 1
-40.61650086 3 5 2 6
-40.74182844 3 3 2 6
-40.87049883 3 4 2 7
-40.90447097 3 5 2 7
-40.94190545 3 5 7 6
-40.94571539 3 3 2 7
-40.99738184 3 4 2 6
-41.03234775 3 5 4 2
-41.05646328 3 5 4 6
-41.08016148 3 3 4 2
-41.08746624 3 2 7 6
-41.16780416 3 3 4 6
-41.17857389 3 3 7 6
-41.32016685 3 4 7 6
-41.37175325 3 7 2 1
-41.46204143 3 5 1 6
-41.46204143 3 3 6 5
-41.46204143 3 3 1 6
-41.46286682 3 4 2 1
-41.50600038 3 5 2 1
-41.50600038 3 3 2 1
-41.50600038 3 3 2 5
-41.67030236 3 2 1 6
-41.71497132 3 5 4 7
-41.74045075 3 3 4 7
-41.77903921 3 4 1 6
-41.90255151 3 4 7 1
-41.94806988 3 7 1 6
-42.17952312 3 5 7 1
-42.17952312 3 3 7 5
-42.17952312 3 3 7 1
-42.21835949 3 5 4 1
-42.21835949 3 3 4 1
-42.21835949 3 3 4 5
-42.29293305 3 3 1 5
1 64
-11.04292184 2 3 5
-11.80043864 1 5
-12.93719083 1 6
-14.40933651 0 
-15.40459311 1 7
-16.62641474 2 5 2
-16.93303884 2 3 6
-16.93303884 2 5 7
-17.03723732 1 3
-17.13767742 1 0
-17.14120276 1 4
-17.16690068 1 2
-17.30791286 2 5 4
-17.32189956 2 5 6
-17.32189956 2 5 0
-17.83802325 2 7 6
-18.17051612 2 2 6
-18.39082264 2 0 6
-18.40260259 2 4 6
-20.30626797 2 4 7
-20.65620566 2 3 7
-20.88683583 2 0 7
-20.89503482 2 2 7
-21.73678082 2 4 2
-22.08584367 3 3 7 5
-22.08584367 3 3 6 5
-22.08584367 3 3 4 5
-22.08584367 3 3 2 5
-22.08584367 3 3 0 5
-22.52238516 2 3 4
-22.52406513 2 3 0
-22.54616796 2 3 2
-22.62930960 2 4 0
-22.65486426 2 0 2
-27.08986791 3 3 7 6
-27.24621591 3 5 4 2
-27.43741797 3 5 2 7
-27.66933658 3 5 2 6
-27.66933658 3 5 0 2
-27.82747213 3 3 0 6
-27.83868552 3 3 4 6
-27.92869979 3 3 2 6
-27.97081919 3 5 4 7
-27.97596068 3 5 7 6
-27.97596068 3 5 0 7
-28.32852233 3 4 2 6
-28.35083470 3 5 4 6
-28.35083470 3 5 4 0
-28.36482140 3 5 0 6
-28.44992058 3 2 7 6
-28.69732444 3 4 7 6
-28.78783781 3 0 7 6
-29.16796774 3 0 2 6
-29.38994026 3 4 0 6
-30.31634050 3 4 2 7
-30.81259117 3 3 4 7
-31.32579666 3 4 0 7
-31.65417989 3 3 0 7
-31.68907591 3 3 2 7
-31.90433926 3 0 2 7
-32.60755793 3 3 4 2
-32.73733356 3 4 0 2
-33.52936982 3 3 4 0
-33.55192365 3 3 0 2
2 64
-169.13652787 2 3 4
-169.28339759 2 5 4
-169.97338017 1 4
-171.58719490 2 4 6
-172.29879242 1 3
-172.98174695 1 5
-173.09665495 1 6
-173.70721134 1 7
-174.04773791 2 3 7
-174.46394387 2 4 0
-174.56895823 2 4 1
-174.57622903 2 5 7
-175.37619250 2 4 7
-175.65532046 0 
-175.79088369 2 7 6
-177.03585368 2 3 0
-177.03990941 2 3 6
-177.68813334 2 5 6
-177.71627519 2 5 0
-177.76431523 1 0
-177.80772305 2 5 1
-177.80772305 2 3 5
-177.80772305 2 3 1
-177.97962697 2 0 6
-178.09790977 2 0 7
-178.32998024 2 1 6
-178.41288462 1 1
-179.00531453 3 3 4 0
-179.14030768 3 5 4 0
-179.19765305 2 7 1
-179.22170064 3 3 4 5
-179.22170064 3 5 4 1
-179.22170064 3 3 4 1
-179.66231775 3 3 4 7
-179.75043630 3 5 4 7
-179.85430184 3 3 4 6
-179.98643550 3 5 4 6
-181.51311463 3 4 1 6
-181.79287520 3 4 0 6
-182.07677610 3 4 7 6
-183.28150207 2 0 1
-183.81190442 3 3 0 7
-184.34409871 3 5 0 7
-184.55371450 3 3 7 6
-184.57196783 3 4 0 1
-184.86858971 3 5 7 6
-185.08060816 3 5 7 1
-185.08060816 3 3 7 5
-185.08060816 3 3 7 1
-185.36366851 3 4 0 7
-185.38626503 3 4 7 1
-185.88009463 3 0 7 6
-186.40278103 3 7 1 6
-187.21412971 3 3 0 6
-187.88551461 3 5 0 6
-188.03557036 3 3 6 5
-188.03557036 3 5 1 6
-188.03557036 3 3 1 6
-188.06371221 3 5 0 1
-188.06371221 3 3 0 1
-188.06371221 3 3 0 5
-188.75677207 3 0 1 6
-188.85064489 3 3 1 5
-189.11541320 3 0 1 7
3 64
-11.04292184 2 5 1
-11.80043864 1 5
-16.62641474 2 5 2
-16.93303884 2 5 7
-17.30791286 2 5 4
-17.32189956 2 5 6
-17.32189956 2 5 0
-22.08584367 3 5 4 1
-22.08584367 3 5 2 1
-22.08584367 3 5 7 1
-22.08584367 3 5 1 6
-22.08584367 3 5 0 1
-26.99289168 1 6
-27.24621591 3 5 4 2
-27.43741797 3 5 2 7
-27.66933658 3 5 2 6
-27.66933658 3 5 0 2
-27.97081919 3 5 4 7
-27.97596068 3 5 7 6
-27.97596068 3 5 0 7
-28.35083470 3 5 4 6
-28.35083470 3 5 4 0
-28.36482140 3 5 0 6
-30.93614615 2 2 6
-30.98873970 2 1 6
-31.77062112 2 0 6
-32.08160213 2 7 6
-32.33670951 2 4 6
-40.33323984 3 4 7 6
-40.60381644 3 4 2 6
-40.69432982 3 2 1 6
-40.84443294 3 2 7 6
-41.00512385 3 0 2 6
-41.20727060 3 0 1 6
-41.33344679 3 7 1 6
-41.77279243 3 4 1 6
-42.26192071 3 0 7 6
-42.71281211 3 4 0 6
-58.44415423 2 4 7
-58.86287134 1 2
-59.32950546 1 7
-59.67003204 2 2 7
-62.21939937 0 
-62.73027947 3 4 2 7
-63.40125524 2 4 2
-63.98489660 2 0 2
-64.23810755 1 4
-64.24213862 2 2 1
-64.53930397 2 0 7
-64.58111801 2 7 1
-64.71335815 1 0
-64.84730018 1 1
-68.95047742 3 4 7 1
-69.30158216 3 4 0 7
-69.47773199 2 4 0
-69.61928995 2 4 1
-70.09974585 2 0 1
-70.25329861 3 0 2 7
-70.46407312 3 7 2 1
-74.01910264 3 4 0 2
-74.27203235 3 4 2 1
-74.88195599 3 0 2 1
-75.30664803 3 0 1 7
-80.37779221 3 4 0 1
4 64
-102.59887494 2 5 7
-103.48026978 2 3 7
-104.36562101 1 7
-106.03460218 2 2 7
-106.04255524 2 7 6
-107.77308221 3 5 2 7
-109.09484961 3 3 2 7
-109.26729588 2 7 1
-109.27689345 2 0 7
-112.32844764 3 2 7 6
-112.43479906 3 5 7 6
-113.17724498 3 5 0 7
-113.63665529 3 5 7 1
-113.63665529 3 3 7 5
-113.63665529 3 3 7 1
-114.03917164 3 3 0 7
-114.29419295 3 3 7 6
-115.45590786 3 7 2 1
-116.36446678 3 0 7 6
-116.54265219 3 0 2 7
-116.90185643 3 7 1 6
-119.71585428 3 0 1 7
-166.82079936 1 2
-170.80077207 2 5 2
-170.97320264 2 2 6
-171.35918327 2 3 2
-171.39067951 2 2 1
-171.90489403 2 0 2
-172.48266269 1 6
-172.50273964 0 
-174.49912144 1 5
-174.52144782 1 3
-175.20526539 1 0
-175.23460589 1 1
-177.48448553 2 0 6
-177.70319206 2 5 6
-177.82648051 2 3 6
-177.94807446 2 1 6
-179.94600879 2 5 0
-179.96963923 2 3 0
-180.00149422 3 5 2 6
-180.00659565 2 5 1
-180.00659565 2 3 5
-180.00659565 2 3 1
-180.64087294 3 3 2 6
-180.69689756 2 0 1
-181.13120885 3 2 1 6
-181.29773376 3 0 2 6
-181.37004128 3 5 0 2
-181.42057324 3 3 2 5
-181.42057324 3 5 2 1
-181.42057324 3 3 2 1
-181.93910007 3 3 0 2
-181.98736332 3 0 2 1
-188.34053575 3 5 0 6
-188.42667652 3 3 0 6
-188.48360315 3 0 1 6
-188.73212719 3 5 1 6
-188.73212719 3 3 6 5
-188.73212719 3 3 1 6
-190.97494392 3 5 0 1
-190.97494392 3 3 0 1
-190.97494392 3 3 0 5
-191.04951749 3 3 1 5
5 64
-11.04292184 2 3 1
-16.93303884 2 3 6
-17.03723732 1 3
-20.65620566 2 3 7
-22.08584367 3 3 2 1
-22.08584367 3 3 7 1
-22.08584367 3 3 4 1
-22.08584367 3 3 1 6
-22.08584367 3 3 0 1
-22.52238516 2 3 4
-22.52406513 2 3 0
-22.54616796 2 3 2
-26.60403097 1 6
-27.08986791 3 3 7 6
-27.82747213 3 3 0 6
-27.83868552 3 3 4 6
-27.92869979 3 3 2 6
-30.81259117 3 3 4 7
-30.98873970 2 1 6
-31.19550936 2 7 6
-31.19550936 2 2 6
-31.23327185 2 0 6
-31.65417989 3 3 0 7
-31.68907591 3 3 2 7
-31.82456033 2 4 6
-32.60755793 3 3 4 2
-33.52936982 3 3 4 0
-33.55192365 3 3 0 2
-37.58775318 3 4 7 6
-40.22380094 3 4 2 6
-40.27321537 3 2 7 6
-40.69432982 3 2 1 6
-41.13915949 3 0 7 6
-41.13915949 3 0 2 6
-41.20727060 3 0 1 6
-41.33344679 3 7 1 6
-41.77279243 3 4 1 6
-42.08932207 3 4 0 6
-61.28592621 2 4 7
-63.05267228 1 7
-63.92168998 2 2 7
-64.24213862 2 2 1
-64.58111801 2 7 1
-64.78262455 1 2
-64.84730018 1 1
-65.66017001 3 4 2 7
-67.45619806 0 
-68.21752318 2 0 7
-68.76259726 2 4 2
-68.95047742 3 4 7 1
-69.45257985 1 4
-69.61928995 2 4 1
-69.86748367 2 0 2
-69.91552371 1 0
-70.09974585 2 0 1
-70.46407312 3 7 2 1
-72.11787471 3 4 0 7
-74.27203235 3 4 2 1
-74.46371213 3 0 2 7
-74.65626712 2 4 0
-74.88195599 3 0 2 1
-75.30664803 3 0 1 7
-79.33263093 3 4 0 2
-80.37779221 3 4 0 1
6 64
-55.61348067 1 5
-58.81755129 2 5 4
-59.62422889 2 5 7
-60.30404996 2 5 0
-60.31986705 2 5 2
-61.13494159 2 5 1
-61.13494159 2 3 1
-61.13494159 2 3 5
-61.23914007 1 3
-64.23348848 2 3 7
-64.54417276 2 3 4
-65.98025706 2 3 2
-66.04356479 2 3 0
-68.69857692 3 5 4 0
-69.42953306 3 5 0 7
-69.46015302 3 5 4 7
-69.52058920 3 5 4 2
-69.86047312 3 5 4 1
-69.86047312 3 3 4 5
-69.86047312 3 3 4 1
-69.91658957 3 5 2 7
-70.47328938 3 5 0 2
-70.66715073 3 5 7 1
-70.66715073 3 3 7 5
-70.66715073 3 3 7 1
-71.34697179 3 5 0 1
-71.34697179 3 3 0 5
-71.34697179 3 3 0 1
-71.36278889 3 3 2 5
-71.36278889 3 5 2 1
-71.36278889 3 3 2 1
-72.17786342 3 3 1 5
-74.23051349 3 3 0 7
-74.50060209 3 3 4 0
-74.73946507 3 3 2 7
-75.04741165 3 3 4 7
-75.26194673 3 3 4 2
-76.22184082 3 3 0 2
-91.48139182 1 7
-93.15832604 2 4 7
-93.56506418 2 2 7
-93.90698225 1 2
-93.91482195 2 7 1
-94.91059769 2 2 1
-94.99350207 1 1
-96.44557080 1 4
-96.46564776 0 
-96.50789675 2 0 7
-97.70697064 2 4 1
-98.05938553 2 4 2
-98.98630183 1 0
-99.20161356 2 0 2
-99.85890964 3 4 2 7
-100.23944704 2 0 1
-101.11994994 3 7 2 1
-101.26552197 2 4 0
-101.54938251 3 4 7 1
-103.59547008 3 4 0 7
-104.29008161 3 0 2 7
-104.40889873 3 0 1 7
-104.65112704 3 4 2 1
-105.71471704 3 0 2 1
-108.02615263 3 4 0 1
-108.59445329 3 4 0 2
7 64
-96.19896737 2 5 4
-98.57166769 2 3 4
-101.07837626 2 4 6
-104.36562101 1 4
-106.66600609 3 5 4 2
-106.73850104 3 5 4 0
-106.84156911 3 5 4 6
-106.86187370 3 5 4 1
-106.86187370 3 3 4 5
-106.86187370 3 3 4 1
-107.53068623 2 4 1
-109.07490659 3 3 4 6
-109.09745757 3 3 4 2
-109.10074362 3 3 4 0
-109.27689345 2 4 0
-109.76843334 2 4 2
-111.37309810 3 4 1 6
-111.56795745 3 4 2 6
-111.60684156 3 4 0 6
-117.97338051 3 4 0 1
-118.34799302 3 4 2 1
-120.17661809 3 4 0 2
-167.51848371 1 6
-168.09921387 1 5
-169.61284573 1 3
-169.69369595 2 5 2
-170.21271245 2 2 6
-170.55463052 1 2
-171.36179123 2 3 2
-172.10996210 2 5 6
-172.41931613 2 1 6
-172.50273964 0 
-172.60719415 2 3 6
-172.72686031 2 0 6
-173.23181407 2 5 1
-173.23181407 2 3 5
-173.23181407 2 3 1
-173.49799624 1 1
-173.50726485 2 5 0
-174.28276467 2 2 1
-175.03121120 2 3 0
-175.20526539 1 0
-175.53885992 2 0 2
-178.95442379 2 0 1
-179.29041847 3 5 2 6
-180.12099924 3 3 2 6
-180.13508837 3 5 0 2
-180.49211692 3 2 1 6
-180.50469918 3 5 2 1
-180.50469918 3 3 2 5
-180.50469918 3 3 2 1
-180.62732797 3 0 2 6
-181.80726194 3 3 0 2
-182.63274795 3 5 0 6
-182.76402322 3 5 1 6
-182.76402322 3 3 6 5
-182.76402322 3 3 1 6
-183.12387548 3 0 1 6
-183.21815990 3 3 0 6
-184.16132597 3 5 0 1
-184.16132597 3 3 0 5
-184.16132597 3 3 0 1
-184.27473591 3 3 1 5
-184.78833492 3 0 2 1
