8
0 64
-29.53171062 0 
-30.13180383 1 5
-30.55131292 1 1
-31.04894692 1 6
-32.09495381 1 7
-32.18856777 1 3
-32.35923515 1 2
-32.94232038 1 4
-36.12051665 2 1 3
-36.15655757 2 5 3
-36.35718510 2 1 5
-36.46265751 2 7 5
-36.68976408 2 2 5
-36.73324149 2 1 6
-36.80946142 2 5 6
-36.84550982 2 1 7
-36.85175523 2 1 2
-36.87586828 2 7 6
-36.98741471 2 2 7
-37.01038165 2 4 5
-37.02685355 2 1 4
-37.08971653 2 2 6
-37.91466805 2 4 6
-37.94762441 2 3 6
-38.15957702 2 4 3
-38.38265046 2 7 3
-38.68242349 2 2 3
-38.68555908 2 4 7
-38.89811252 2 4 2
-48.64711586 3 1 2 7
-48.80879169 3 7 2 5
-48.85258318 3 1 4 3
-48.85258318 3 5 4 3
-49.08295259 3 7 2 6
-49.22138529 3 1 4 5
-49.27643859 3 1 2 3
-49.31768301 3 5 2 3
-49.47744414 3 1 7 3
-49.50125592 3 5 7 3
-49.56236245 3 1 4 6
-49.62079120 3 1 7 5
-49.64524070 3 1 2 5
-49.65912015 3 2 4 5
-49.67530615 3 1 2 6
-49.72790266 3 1 4 7
-49.77839721 3 1 3 6
-49.79762916 3 5 3 6
-49.82014586 3 1 7 6
-49.90372478 3 1 5 6
-49.93602721 3 1 5 3
-49.93652333 3 7 4 5
-49.94151852 3 1 4 2
-50.06364852 3 2 4 6
-50.09597871 3 7 5 6
-50.21915604 3 4 3 6
-50.29112380 3 2 5 6
-50.29381196 3 7 4 6
-50.29853767 3 2 4 7
-50.43014425 3 2 4 3
-50.44753893 3 7 2 3
-50.59683835 3 7 3 6
-50.60113881 3 4 5 6
-50.76676110 3 2 3 6
-50.99482665 3 7 4 3
1 64
-22.47981328 2 5 3
-34.60025541 3 5 4 3
-34.81375170 1 5
-34.84115975 3 5 3 6
-35.98296309 3 5 7 3
-36.02822850 3 5 2 3
-36.25928292 3 5 3 0
-40.35149039 2 4 5
-40.88845920 2 2 5
-41.03913297 2 5 0
-41.58846229 2 5 6
-41.68912154 2 7 5
-43.67775113 2 3 6
-45.59263292 1 6
-49.95961347 2 7 6
-50.53053994 2 4 6
-50.91275756 3 2 4 5
-51.27692749 2 6 0
-51.70809204 2 2 6
-52.26985030 3 7 3 6
-52.37180936 3 4 5 6
-52.56249404 3 4 5 0
-53.53519659 3 4 3 6
-53.84393582 3 2 5 0
-53.86580345 3 2 5 6
-54.16073006 3 7 4 5
-54.16971535 3 7 5 6
-54.68272564 3 5 0 6
-54.70058760 3 7 2 5
-54.84725523 3 7 5 0
-55.50852393 3 3 0 6
-56.27852261 3 2 3 6
-59.45541199 0 
-59.88534148 1 7
-60.47501429 1 0
-61.31394964 3 7 4 6
-61.37513229 1 4
-61.69502530 1 3
-61.75489212 3 7 2 6
-61.87261841 1 2
-62.17823434 3 4 6 0
-62.90389105 3 7 6 0
-63.57161702 3 2 4 6
-64.29368165 3 2 6 0
-64.37795663 2 7 3
-64.63589749 2 7 0
-64.86458630 2 2 7
-65.45966546 2 4 0
-65.62697418 2 3 0
-66.07533173 2 4 7
-66.26467910 2 4 3
-66.36513849 2 2 0
-67.56887501 2 4 2
-67.84783772 2 2 3
-75.47275031 3 7 3 0
-75.61438538 3 7 4 3
-76.52428745 3 2 7 0
-76.95768526 3 4 3 0
-77.01424179 3 7 2 3
-77.11767532 3 4 7 0
-78.32578488 3 2 4 7
-78.44185283 3 2 3 0
-78.61228101 3 4 2 0
-79.28883717 3 2 4 3
2 64
-632.10298774 2 4 3
-635.38870742 2 4 5
-642.72231403 3 7 4 3
-644.37355497 3 4 3 0
-645.12714580 3 5 4 3
-645.12714580 3 1 4 3
-645.18304684 3 7 4 5
-645.35703945 3 4 3 6
-645.94997459 3 1 4 5
-648.03744592 3 4 5 0
-648.19506033 2 4 6
-648.62640850 3 4 5 6
-649.91045658 1 4
-655.86624873 2 4 0
-656.10419931 2 1 4
-656.25090469 2 4 7
-660.13374096 3 7 4 6
-660.34404080 3 4 6 0
-661.23613741 3 1 4 6
-662.60659506 2 7 3
-662.74356334 2 7 5
-667.86388328 3 4 7 0
-668.50135784 3 1 4 7
-669.01886427 3 1 4 0
-674.67148353 3 7 3 0
-675.08969752 3 7 5 0
-675.24288023 3 1 7 3
-675.42286161 3 5 7 3
-675.55512257 1 7
-675.61534479 3 7 3 6
-675.75502940 3 1 7 5
-675.76235293 3 7 5 6
-677.27264693 2 7 6
-677.37933312 1 3
-678.27357517 1 5
-680.44758348 2 7 0
-680.53436739 2 1 7
-683.53214554 2 1 3
-683.79924088 2 5 3
-683.87318883 2 3 0
-683.94561336 2 3 6
-684.34828266 2 1 5
-684.70516529 2 5 6
-684.83153542 2 5 0
-689.06792558 3 1 7 6
-689.47973125 3 7 6 0
-691.20361684 1 6
-692.33597344 3 1 7 0
-695.44861542 0 
-696.54638484 3 1 3 6
-696.68806748 3 1 3 0
-696.76475005 3 3 0 6
-696.96036632 3 5 3 0
-696.98250645 3 1 5 6
-697.00754793 3 5 3 6
-697.24438645 2 6 0
-697.31907595 2 1 6
-697.34765610 3 1 5 3
-697.63633826 3 1 5 0
-697.86582184 1 1
-698.18682767 3 5 0 6
-698.27613995 1 0
-704.16626415 2 1 0
-710.26114061 3 1 6 0
3 64
-18.81953479 2 1 5
-30.77050998 3 1 5 6
-31.15347322 1 5
-31.81890824 3 1 4 5
-31.81890824 3 1 2 5
-32.03147677 3 1 7 5
-32.39837691 3 1 5 0
-36.67913893 2 2 5
-37.17822696 2 5 0
-37.51781252 2 5 6
-37.57014322 2 4 5
-37.73763521 2 7 5
-47.30858160 3 2 4 5
-49.30705786 3 2 5 0
-49.41234475 3 4 5 0
-49.82019515 3 2 5 6
-50.41693347 3 7 2 5
-50.50598026 3 5 0 6
-50.59443101 3 7 4 5
-50.77623362 3 7 5 0
-50.91825165 3 4 5 6
-51.09630571 3 7 5 6
-99.43602406 2 2 6
-104.00645464 3 1 2 6
-104.77914575 2 1 6
-104.95669663 3 7 2 6
-106.61399876 2 7 6
-106.69402754 1 6
-108.92423560 3 1 7 6
-110.37876239 3 2 4 6
-113.11306863 3 2 6 0
-113.21678327 2 4 6
-113.33262188 3 7 4 6
-113.59270502 2 6 0
-116.22143992 3 1 4 6
-117.82430147 3 1 6 0
-120.33496883 3 7 6 0
-125.52127126 3 4 6 0
-192.38586724 3 2 4 7
-198.80993923 2 2 7
-204.01644753 1 2
-205.91445790 2 4 7
-207.71556177 2 4 2
-209.99166684 2 1 2
-210.33963587 2 2 0
-210.95959472 3 1 2 7
-211.75846673 1 7
-212.27006345 3 2 7 0
-215.45351155 3 1 4 7
-216.25108189 2 1 7
-218.04616339 2 7 0
-218.22372548 3 4 7 0
-219.24759350 3 4 2 0
-219.43552392 3 1 4 2
-222.08572983 0 
-222.41635020 3 1 2 0
-224.32534314 1 1
-224.74258698 1 0
-225.52303061 1 4
-228.88301621 3 1 7 0
-229.89454687 2 1 0
-230.41257743 2 1 4
-230.74028726 2 4 0
-242.23830705 3 1 4 0
4 64
-440.07338599 3 7 2 3
-442.85905915 3 7 2 5
-446.49745798 2 2 7
-447.98394422 3 7 2 6
-459.80858093 3 2 7 0
-459.95766702 2 7 3
-459.95865656 3 1 2 7
-460.41957565 2 7 5
-465.12285019 2 7 6
-465.80167586 1 7
-471.19409578 3 1 7 3
-471.84147330 3 7 3 6
-471.99166611 2 1 7
-472.35163069 3 7 5 6
-472.39228113 2 7 0
-472.56984321 3 7 3 0
-472.89118418 3 1 7 5
-473.27637145 3 5 7 3
-473.89344147 3 7 5 0
-476.47718636 3 1 7 6
-478.54079387 3 7 6 0
-484.87405896 3 1 7 0
-640.36670846 1 2
-644.06582270 2 2 3
-646.06296506 2 1 2
-646.30535256 2 2 5
-646.34812089 2 2 6
-646.90558583 2 2 0
-655.50682214 3 1 2 3
-655.81354346 3 2 3 0
-656.32965092 3 1 2 5
-656.93479523 3 5 2 3
-657.29085922 3 2 3 6
-658.21164587 3 1 2 6
-659.15272834 3 1 2 0
-659.27470863 3 2 5 0
-659.31089633 3 2 5 6
-659.32205287 3 2 6 0
-685.90486730 0 
-687.82458759 1 1
-689.19022031 1 5
-689.31547705 1 0
-689.34216808 1 3
-689.35667739 1 6
-693.91182188 2 1 3
-694.29458441 2 1 6
-694.30012822 2 1 0
-694.72795900 2 1 5
-695.31317733 2 3 0
-695.38965313 2 5 6
-695.60689030 2 5 3
-695.87943312 2 3 6
-696.06879812 2 5 0
-696.22239852 2 6 0
-705.73687859 3 1 3 6
-706.17300019 3 1 5 6
-706.64388840 3 1 3 0
-707.12370537 3 1 6 0
-707.59215918 3 1 5 0
-707.72733244 3 1 5 3
-708.15096476 3 3 0 6
-708.30291591 3 5 3 0
-708.79009225 3 5 3 6
-709.18133052 3 5 0 6
5 64
-13.81551056 2 1 3
-27.63102112 3 1 4 3
-27.63102112 3 1 3 0
-27.63102112 3 1 7 3
-27.63102112 3 1 3 6
-27.63102112 3 1 2 3
-36.46761250 2 3 6
-46.18227937 3 7 3 6
-48.31761725 3 3 0 6
-49.37827163 3 4 3 6
-49.52954707 3 2 3 6
-53.03072258 1 3
-56.02601465 2 7 3
-56.99871238 2 3 0
-59.29544481 2 4 3
-59.45063034 2 2 3
-67.14462010 3 7 3 0
-68.84228119 3 7 2 3
-69.34471908 3 7 4 3
-69.98845096 3 4 3 0
-70.08588986 3 2 3 0
-72.31960287 3 2 4 3
-99.14537597 2 2 6
-100.18967842 3 7 2 6
-101.30308739 3 1 2 6
-101.63965689 2 1 6
-101.69997243 2 7 6
-105.64382752 1 6
-105.91007431 3 1 7 6
-108.92875293 3 7 4 6
-111.40434202 2 6 0
-111.67680325 2 4 6
-112.10815141 3 2 4 6
-112.34678324 3 2 6 0
-113.51807267 3 1 4 6
-114.81014018 3 1 6 0
-114.92008286 3 7 6 0
-124.36327401 3 4 6 0
-205.80377972 2 1 2
-207.07128825 3 1 2 7
-211.85062624 2 1 7
-212.75014430 3 1 4 7
-213.59688811 3 2 4 7
-216.07046559 3 1 4 2
-217.23528695 2 2 7
-218.59726519 3 1 2 0
-219.32131890 1 1
-224.62590762 3 1 7 0
-224.66474597 2 4 7
-225.12719108 2 1 0
-226.22469031 2 1 4
-226.78793894 1 2
-229.05666392 3 2 7 0
-230.04684617 1 7
-231.11846787 2 2 0
-232.72658304 2 4 2
-234.41454988 2 7 0
-235.91571022 3 4 7 0
-238.41922204 3 1 4 0
-243.48759067 3 4 2 0
-243.96297919 0 
-244.56307240 1 0
-247.24833220 1 4
-251.31639347 2 4 0
6 64
-205.33150294 1 5
-210.24167815 2 1 3
-211.24317912 2 7 5
-211.53093576 2 4 5
-211.69584224 2 5 3
-211.76309306 2 2 5
-212.00916053 2 5 0
-212.10621352 2 1 5
-222.06673485 3 1 4 3
-222.33747857 3 1 7 3
-223.17523415 3 7 4 5
-223.25591745 3 1 2 3
-223.55125472 3 1 4 5
-223.72377293 3 1 7 5
-223.89955870 3 1 3 0
-224.05718871 3 1 5 3
-224.26196870 3 7 2 5
-224.60184961 3 5 7 3
-224.74043731 3 1 2 5
-224.76863683 3 2 4 5
-224.87650032 3 7 5 0
-224.87904419 3 5 4 3
-224.90414929 3 5 2 3
-225.12169293 3 4 5 0
-225.33691383 3 5 3 0
-225.36445278 3 2 5 0
-225.65275320 3 1 5 0
-228.25895232 1 3
-234.01800895 2 3 0
-234.44558489 2 7 3
-234.79621736 2 4 3
-234.82523256 2 2 3
-246.32939117 3 7 4 3
-246.65977278 3 7 3 0
-246.85579639 3 4 3 0
-246.90957017 3 2 3 0
-247.45433462 3 7 2 3
-248.05026907 3 2 4 3
-329.24112965 2 1 2
-329.66432486 2 1 7
-329.78787554 1 1
-334.14984511 3 1 4 7
-335.96980411 2 1 0
-336.25787236 2 1 4
-338.19788304 3 1 2 7
-338.91122719 2 4 7
-339.40565603 1 2
-339.59005286 1 7
-341.30757722 2 2 7
-341.38981047 3 1 4 2
-342.06468057 3 1 2 0
-342.63896090 3 1 7 0
-342.79406346 3 2 4 7
-343.65065461 0 
-344.13613741 2 2 0
-344.37096734 2 7 0
-345.16789091 1 0
-345.38706846 2 4 2
-347.10246471 1 4
-348.79338126 3 1 4 0
-350.51948008 3 4 7 0
-352.07481239 2 4 0
-353.40311511 3 2 7 0
-356.55260445 3 4 2 0
7 64
-441.69644034 2 4 5
-444.67145386 2 4 3
-451.49077975 3 2 4 5
-453.34073873 3 4 5 6
-454.02116013 3 1 4 3
-454.62258202 3 4 5 0
-454.72072813 3 5 4 3
-455.29078014 3 2 4 3
-455.50568000 3 1 4 5
-456.08878905 2 4 6
-456.20462766 3 4 3 6
-457.50670349 3 4 3 0
-464.28002657 1 4
-466.87219875 3 1 4 6
-468.02746968 3 2 4 6
-468.46793296 3 4 6 0
-468.98022601 2 1 4
-470.02326527 2 4 0
-470.62047468 2 4 2
-481.37738454 3 1 4 2
-481.68127512 3 1 4 0
-482.02089982 3 4 2 0
-654.93707317 2 2 5
-659.28321685 2 2 3
-664.48972516 1 2
-666.39164635 2 2 6
-667.05610077 3 2 5 0
-667.43594880 3 2 5 6
-667.48169304 2 1 2
-668.44962092 3 1 2 3
-668.67486771 3 5 2 3
-668.74920156 3 1 2 5
-669.11790472 2 2 0
-670.46708499 1 5
-671.04833230 3 2 3 0
-671.91231892 3 2 3 6
-674.05595491 1 3
-676.37876117 2 5 6
-676.43844643 3 1 2 6
-676.73888623 2 1 3
-676.79793866 2 5 0
-677.05124698 2 5 3
-677.34245482 2 1 5
-678.38488241 3 2 6 0
-679.27705367 3 1 2 0
-680.24258748 2 3 6
-680.25003760 2 3 0
-680.32261626 1 6
-684.38321801 0 
-684.68959681 2 1 6
-684.81314749 1 1
-686.14953761 2 6 0
-686.94646119 1 0
-688.83468666 3 1 3 6
-688.96001423 3 1 5 6
-689.66527845 3 5 0 6
-689.95725436 3 5 3 6
-690.09581372 3 1 3 0
-690.39594533 3 5 3 0
-690.55439679 3 1 5 3
-690.60606092 3 1 5 0
-691.10734438 2 1 0
-692.89180142 3 3 0 6
-697.77650118 3 1 6 0
