8
0 64
-19.01120391 0 
-19.95247770 1 2
-21.39965740 1 6
-21.40939003 1 4
-21.49888546 1 7
-21.58514965 1 5
-21.63610698 1 3
-21.72325116 1 1
-24.63216845 2 4 2
-24.83976899 2 2 7
-25.26774159 2 6 2
-25.40676882 2 5 2
-25.42932628 2 1 2
-25.45171538 2 3 2
-26.35483499 2 4 7
-26.56202762 2 4 6
-26.58864735 2 6 7
-26.72233638 2 5 4
-26.74839506 2 5 7
-26.76459018 2 3 4
-26.82761593 2 3 7
-26.89058383 2 4 1
-26.90741945 2 3 6
-26.90741945 2 5 6
-26.92111832 2 1 6
-26.94826455 2 1 7
-27.10661057 2 5 3
-27.10661057 2 5 1
-27.10661057 2 3 1
-35.15257868 3 2 4 7
-35.45748797 3 4 6 2
-35.56441008 3 5 4 2
-35.61505652 3 4 1 2
-35.62569501 3 3 4 2
-35.64660989 3 2 6 7
-35.75075361 3 5 2 7
-35.79570689 3 2 1 7
-35.83967178 3 3 2 7
-36.31066342 3 5 6 2
-36.31066342 3 3 6 2
-36.31066342 3 1 6 2
-36.44969066 3 5 3 2
-36.44969066 3 5 1 2
-36.44969066 3 3 1 2
-37.07385056 3 4 6 7
-37.19627981 3 5 4 7
-37.22143870 3 3 4 7
-37.37463415 3 4 1 7
-37.58332678 3 5 4 6
-37.58332678 3 3 4 6
-37.60494946 3 4 1 6
-37.61040418 3 5 6 7
-37.61040418 3 3 6 7
-37.63156919 3 1 6 7
-37.76525822 3 5 4 1
-37.76525822 3 5 3 4
-37.76525822 3 3 4 1
-37.79131690 3 5 3 7
-37.79131690 3 5 1 7
-37.79131690 3 3 1 7
-37.95034128 3 5 3 6
-37.95034128 3 5 1 6
-37.95034128 3 3 1 6
-38.14953240 3 5 3 1
1 64
-11.04292184 2 5 3
-14.22018849 1 5
-17.15596692 1 6
-18.35919885 2 5 2
-18.83743986 2 5 4
-19.41869608 2 5 6
-19.41869608 2 5 7
-19.74164941 2 5 0
-20.57763342 2 6 7
-20.82133198 2 3 6
-22.08584367 3 5 0 3
-22.08584367 3 5 3 7
-22.08584367 3 5 3 6
-22.08584367 3 5 3 4
-22.08584367 3 5 3 2
-22.31193710 2 6 2
-22.40694100 2 4 6
-22.67742784 2 0 6
-22.85006635 1 7
-23.26922464 0 
-25.76230186 1 4
-25.81286134 2 4 7
-25.84847656 1 3
-25.98127189 1 0
-26.01113511 1 2
-27.29122304 3 5 4 2
-27.99737930 2 3 7
-28.26849786 3 3 6 7
-28.29944545 2 0 7
-28.31917304 2 2 7
-29.21091862 3 5 6 2
-29.21091862 3 5 2 7
-29.25888804 3 5 4 7
-29.40212068 3 5 0 2
-29.67314920 2 4 2
-29.73701463 3 5 4 6
-29.88036169 3 5 0 4
-30.10998668 3 5 6 7
-30.46161791 3 5 0 7
-30.46161791 3 5 0 6
-30.60006085 3 2 6 7
-30.62917931 3 4 6 7
-31.12968955 2 3 4
-31.24349565 2 0 4
-31.31898015 2 0 3
-31.33077797 2 3 2
-31.48798369 2 0 2
-31.62055525 3 0 6 7
-31.80005727 3 3 6 2
-31.81186478 3 3 4 6
-31.86425381 3 0 3 6
-31.91428587 3 4 6 2
-33.35485893 3 0 6 2
-33.44986284 3 0 4 6
-35.73342912 3 2 4 7
-36.37997906 3 3 4 7
-36.83266050 3 0 4 7
-38.96108027 3 0 3 7
-39.02097727 3 3 2 7
-39.27511093 3 0 2 7
-40.51762811 3 3 4 2
-40.65603727 3 0 4 2
-42.13035758 3 0 3 4
-42.32875325 3 0 3 2
2 64
-168.98027430 2 3 4
-169.03097942 1 4
-169.91442968 2 5 4
-170.11049475 2 4 6
-170.78871281 1 7
-172.24909665 1 3
-172.25375783 2 0 4
-172.50549948 2 3 7
-172.81933286 2 4 7
-172.94182677 2 4 1
-173.45929549 2 6 7
-173.59238770 1 5
-173.73687490 2 5 7
-173.88570371 1 6
-174.12959634 2 0 7
-174.89374957 0 
-175.83502336 1 0
-176.06470505 2 0 3
-176.25781950 2 1 7
-176.75934917 2 3 6
-177.41400688 2 5 0
-177.63566004 1 1
-177.73139806 2 5 3
-177.73139806 2 5 1
-177.73139806 2 3 1
-177.75378790 2 0 6
-177.84137914 3 0 3 4
-177.94585192 2 5 6
-178.32326888 3 3 4 6
-178.36821287 3 5 3 4
-178.36821287 3 3 4 1
-178.36821287 3 5 4 1
-178.75650338 3 5 0 4
-179.00595510 3 0 4 6
-179.04167388 2 1 6
-179.21468124 3 3 4 7
-179.32058810 3 5 4 6
-179.61783963 3 4 1 6
-179.98973628 3 4 6 7
-180.38323193 3 5 4 7
-181.34173516 2 0 1
-181.51755533 3 0 3 7
-181.61707655 3 0 4 7
-181.66629945 3 0 4 1
-182.51725803 3 0 6 7
-182.57043672 3 3 6 7
-182.73923345 3 5 0 7
-182.73990064 3 4 1 7
-183.22698631 3 5 6 7
-183.48172292 3 1 6 7
-183.52909744 3 5 3 7
-183.52909744 3 5 1 7
-183.52909744 3 3 1 7
-185.10526183 3 0 1 7
-186.16259314 3 0 3 6
-187.07447815 3 5 0 3
-187.07447815 3 5 0 1
-187.07447815 3 0 3 1
-187.34909589 3 5 0 6
-187.73807446 3 5 3 6
-187.73807446 3 5 1 6
-187.73807446 3 3 1 6
-188.43121899 3 0 1 6
-188.77431989 3 5 3 1
3 64
-11.04292184 2 5 1
-14.22018849 1 5
-18.35919885 2 5 2
-18.83743986 2 5 4
-19.41869608 2 5 6
-19.41869608 2 5 7
-19.74164941 2 5 0
-22.08584367 3 5 0 1
-22.08584367 3 5 4 1
-22.08584367 3 5 1 7
-22.08584367 3 5 1 6
-22.08584367 3 5 1 2
-27.29122304 3 5 4 2
-29.21091862 3 5 6 2
-29.21091862 3 5 2 7
-29.25888804 3 5 4 7
-29.40212068 3 5 0 2
-29.73701463 3 5 4 6
-29.88036169 3 5 0 4
-30.10998668 3 5 6 7
-30.46161791 3 5 0 7
-30.46161791 3 5 0 6
-30.59874529 1 6
-32.42968984 2 6 7
-33.47239075 2 6 2
-34.17375243 2 4 6
-34.26411035 2 1 6
-36.10650734 2 0 6
-40.12055428 3 1 6 7
-41.54083107 3 2 6 7
-42.38652655 3 4 6 2
-42.59822611 3 4 6 7
-42.96051092 3 1 6 2
-43.45144666 3 0 6 7
-43.57867621 3 4 1 6
-44.51531258 3 0 6 2
-45.19505159 3 0 4 6
-45.22967009 1 2
-45.29333332 3 0 1 6
-45.31454897 1 7
-47.03133563 2 2 7
-47.87432301 0 
-49.53506210 2 4 2
-49.58576722 1 4
-50.45357493 1 1
-50.46186192 2 1 7
-50.49922608 1 0
-50.54155041 2 4 7
-50.54931295 2 1 2
-50.64327943 2 0 7
-50.72890777 2 0 2
-54.94096737 2 0 4
-54.95315491 2 4 1
-55.83693434 2 0 1
-56.93689879 3 2 4 7
-57.73313986 3 2 1 7
-58.03123842 3 0 2 7
-60.37954101 3 4 1 2
-60.52858867 3 0 4 2
-61.10866812 3 4 1 7
-61.30491426 3 0 1 7
-61.40815412 3 0 4 7
-61.56967733 3 0 1 2
-65.82782930 3 0 4 1
4 64
-119.88552150 1 7
-121.91614155 2 2 7
-122.77208736 2 6 7
-122.84831649 2 1 7
-123.65493073 2 5 7
-124.74147103 2 0 7
-125.11252295 2 3 7
-129.30252815 3 2 6 7
-129.33039763 3 2 1 7
-130.30128776 3 5 2 7
-131.82170471 3 3 2 7
-132.22895124 3 0 2 7
-132.82363325 3 1 6 7
-132.94062363 3 3 6 7
-133.25729057 3 0 6 7
-133.27468609 3 0 1 7
-133.36681405 3 5 6 7
-133.49512270 3 5 3 7
-133.49512270 3 5 1 7
-133.49512270 3 3 1 7
-134.10281548 3 5 0 7
-135.50634572 3 0 3 7
-167.28553066 1 2
-170.94754475 2 1 2
-171.59092267 2 3 2
-171.84574862 2 5 2
-171.96522141 2 0 2
-172.12681191 2 6 2
-173.14830081 0 
-174.85974501 1 3
-175.52370663 1 5
-175.54648693 1 0
-175.64137803 1 1
-175.90202086 1 6
-179.47702800 2 3 6
-179.98822822 2 0 3
-180.14095800 2 5 3
-180.14095800 2 5 1
-180.14095800 2 3 1
-180.14924224 2 5 6
-180.66089337 2 5 0
-180.77777281 3 5 3 2
-180.77777281 3 5 1 2
-180.77777281 3 3 1 2
-180.80871070 2 0 1
-181.04094771 3 3 6 2
-181.06439109 2 0 6
-181.13327499 3 0 1 2
-181.15299494 2 1 6
-181.52397842 3 5 6 2
-181.72916069 3 1 6 2
-181.76490230 3 0 3 2
-182.00338987 3 5 0 2
-182.31655829 3 0 6 2
-190.15293534 3 0 3 6
-190.46756080 3 5 3 6
-190.46756080 3 5 1 6
-190.46756080 3 3 1 6
-190.79960565 3 5 0 3
-190.79960565 3 5 0 1
-190.79960565 3 0 3 1
-190.82514958 3 5 0 6
-191.18387984 3 5 3 1
-191.83682608 3 0 1 6
5 64
-11.04292184 2 3 1
-20.82133198 2 3 6
-22.08584367 3 0 3 1
-22.08584367 3 3 1 7
-22.08584367 3 3 1 6
-22.08584367 3 3 1 2
-22.08584367 3 3 4 1
-25.84847656 1 3
-27.99737930 2 3 7
-28.26849786 3 3 6 7
-30.58820102 2 6 7
-31.12968955 2 3 4
-31.31898015 2 0 3
-31.33077797 2 3 2
-31.80005727 3 3 6 2
-31.81186478 3 3 4 6
-31.86425381 3 0 3 6
-32.00138119 1 6
-34.26411035 2 1 6
-36.06152940 2 6 2
-36.24860257 2 4 6
-36.37997906 3 3 4 7
-37.50914324 2 0 6
-38.96108027 3 0 3 7
-39.02097727 3 3 2 7
-40.12055428 3 1 6 7
-40.35589184 3 2 6 7
-40.51762811 3 3 4 2
-41.18292771 3 4 6 7
-41.60995785 3 0 6 7
-42.13035758 3 0 3 4
-42.32875325 3 0 3 2
-42.96051092 3 1 6 2
-43.57867621 3 4 1 6
-45.29333332 3 0 1 6
-45.45869592 3 4 6 2
-47.10445124 3 0 6 2
-47.26990173 3 0 4 6
-50.45357493 1 1
-50.46186192 2 1 7
-50.54931295 2 1 2
-53.89323219 1 7
-54.95315491 2 4 1
-55.83693434 2 0 1
-56.84139428 2 2 7
-57.66264142 2 4 7
-57.73313986 3 2 1 7
-58.20124921 1 2
-59.14274179 2 0 7
-59.50261108 0 
-60.37954101 3 4 1 2
-61.10866812 3 4 1 7
-61.30491426 3 0 1 7
-61.56967733 3 0 1 2
-61.87801691 1 4
-62.07655682 1 0
-62.76146717 2 4 2
-63.65554034 2 0 2
-65.22654049 3 2 4 7
-65.82782930 3 0 4 1
-67.19096326 2 0 4
-67.75237890 3 0 2 7
-68.50408624 3 0 4 7
-73.69370880 3 0 4 2
6 64
-64.97919393 1 5
-69.33265815 2 5 2
-69.60472954 2 5 4
-70.14393413 2 5 7
-70.17770152 2 5 3
-70.17770152 2 5 1
-70.17770152 2 3 1
-70.30146373 2 5 0
-75.20484610 1 3
-79.01088795 3 5 4 2
-79.63404555 3 5 2 7
-79.71509861 2 3 2
-79.82212909 2 3 4
-79.85581745 3 5 4 7
-80.18437792 3 5 3 2
-80.18437792 3 5 1 2
-80.18437792 3 3 1 2
-80.23655275 3 5 0 2
-80.46571994 3 5 0 4
-80.47615857 2 0 3
-80.50430431 3 5 4 1
-80.50430431 3 5 3 4
-80.50430431 3 3 4 1
-80.56410618 2 3 7
-80.83522474 3 5 3 7
-80.83522474 3 5 1 7
-80.83522474 3 3 1 7
-81.00594325 3 5 0 7
-81.02143223 3 5 0 3
-81.02143223 3 5 0 1
-81.02143223 3 0 3 1
-81.22062335 3 5 3 1
-86.36716610 1 1
-87.77317994 2 1 2
-88.39220686 3 3 4 7
-89.16512366 3 3 4 2
-90.57404666 3 0 3 2
-90.62904342 3 3 2 7
-90.64086569 3 0 3 4
-91.17653237 2 1 7
-91.34689443 3 0 3 7
-91.47237796 1 2
-91.56503326 2 0 1
-91.87878302 2 4 1
-92.48042382 0 
-93.44896531 1 7
-94.86887731 1 0
-95.23414387 1 4
-96.11954799 2 2 7
-96.31365921 2 4 2
-96.33553116 2 4 7
-96.78764185 2 0 2
-98.40043580 3 2 1 7
-98.53872720 2 0 7
-98.55479588 3 4 1 2
-98.65451709 3 0 1 2
-100.38678146 2 0 4
-101.15184913 3 4 1 7
-101.85983701 3 0 1 7
-102.59314864 3 0 4 1
-103.50593458 3 2 4 7
-106.92638889 3 0 2 7
-107.05454674 3 0 4 7
-107.13897873 3 0 4 2
7 64
-117.60011755 2 5 4
-121.81549304 1 4
-121.86605253 2 4 1
-122.77127623 2 3 4
-122.91688033 2 4 6
-125.60384648 2 4 2
-126.76093799 2 0 4
-127.85120547 3 5 4 6
-128.02156574 3 5 4 1
-128.02156574 3 5 3 4
-128.02156574 3 3 4 1
-128.06891980 3 5 4 2
-128.07406098 3 5 0 4
-131.13911864 3 4 1 6
-131.34135401 3 3 4 6
-131.66412640 3 4 1 2
-132.35010284 3 0 4 1
-132.79612186 3 4 6 2
-133.00568317 3 3 4 2
-133.22812475 3 0 3 4
-133.42870327 3 0 4 6
-136.12425671 3 0 4 2
-169.46889346 1 5
-169.61338065 2 5 2
-170.97323559 1 2
-172.51849830 1 3
-172.77490113 2 3 2
-173.28127351 2 1 2
-174.63213887 2 5 0
-174.63363366 2 5 6
-174.65911406 1 1
-174.66740104 2 5 3
-174.66740104 2 5 1
-174.66740104 2 3 1
-175.07827235 0 
-175.62040561 2 6 2
-175.86052688 2 0 2
-176.04681384 1 6
-177.56595390 1 0
-177.71000725 2 0 3
-177.87775838 2 3 6
-179.46848033 2 1 6
-179.88412745 2 0 1
-179.91476806 3 5 6 2
-179.95736544 3 5 0 2
-180.46510043 3 5 3 2
-180.46510043 3 5 1 2
-180.46510043 3 3 1 2
-181.23580379 2 0 6
-183.16285753 3 0 3 2
-183.64765412 3 0 1 2
-183.68884593 3 3 6 2
-183.90852937 3 1 6 2
-185.32492426 3 5 3 6
-185.32492426 3 5 1 6
-185.32492426 3 3 1 6
-185.33661839 3 5 0 6
-185.35210737 3 5 0 3
-185.35210737 3 5 0 1
-185.35210737 3 0 3 1
-185.71032288 3 5 3 1
-185.99927392 3 0 6 2
-188.58074311 3 0 3 6
-190.17893120 3 0 1 6
