8
0 64
-22.92087206 1 7
-23.22484462 1 4
-23.26922464 0 
-25.42139336 1 6
-25.54619211 1 2
-25.76318341 1 5
-25.81457724 1 3
-25.98127189 1 1
-27.40674724 2 6 7
-27.83733661 2 7 5
-27.87795168 2 7 4
-27.95796502 2 3 7
-28.03640896 2 6 4
-28.33564874 2 1 7
-28.38307624 2 7 2
-28.47727125 2 4 5
-28.47727125 2 3 4
-28.66116391 2 2 4
-28.74630554 2 1 4
-30.43816737 2 6 2
-30.73515894 2 2 5
-30.77812568 2 3 2
-30.94285428 2 6 1
-30.94285428 2 3 6
-30.94285428 2 6 5
-31.02724427 2 1 2
-31.28464433 2 3 5
-31.28464433 2 3 1
-31.28464433 2 1 5
-38.16714656 3 6 7 4
-38.41176039 3 6 7 2
-38.44966908 3 6 7 5
-38.44966908 3 6 7 1
-38.44966908 3 3 6 7
-38.58378218 3 7 4 5
-38.58378218 3 3 7 4
-38.80124033 3 7 5 2
-38.87608820 3 7 4 2
-38.88025844 3 3 7 5
-38.88025844 3 3 1 7
-38.88025844 3 1 7 5
-38.90539460 3 3 7 2
-38.92087351 3 1 7 4
-39.01119256 3 6 2 4
-39.07933079 3 6 4 5
-39.07933079 3 3 6 4
-39.07933079 3 1 6 4
-39.33170702 3 1 7 2
-39.40732398 3 3 2 4
-39.40732398 3 2 4 5
-39.52019308 3 3 4 5
-39.52019308 3 3 1 4
-39.52019308 3 1 4 5
-39.70408574 3 1 2 4
-41.48108920 3 6 2 5
-41.48108920 3 6 2 1
-41.48108920 3 3 6 2
-41.77808077 3 3 1 2
-41.77808077 3 1 2 5
-41.77808077 3 3 2 5
-41.98577611 3 6 1 5
-41.98577611 3 3 6 5
-41.98577611 3 3 6 1
-42.32756617 3 3 1 5
1 64
-11.04292184 2 3 5
-13.24270196 1 5
-15.75925731 1 6
-16.33542774 2 4 5
-17.25754235 2 2 5
-18.54895819 2 7 4
-18.54895819 2 6 4
-18.76416288 2 7 5
-18.76416288 2 6 5
-18.76416288 2 0 5
-19.01120391 0 
-19.44726271 1 7
-19.67427376 1 4
-19.80567834 2 3 6
-20.34122799 2 6 7
-20.98889338 2 6 2
-21.28071823 2 0 6
-21.57483868 1 2
-21.61073651 1 3
-21.72325116 1 0
-22.08584367 3 3 7 5
-22.08584367 3 3 6 5
-22.08584367 3 3 4 5
-22.08584367 3 3 2 5
-22.08584367 3 0 3 5
-24.22849076 2 7 2
-24.60715216 2 3 7
-24.86203939 2 0 7
-25.07174373 2 3 4
-25.18768254 2 2 4
-25.19573468 2 0 4
-26.49739829 3 2 4 5
-26.97273912 2 3 2
-27.05589084 2 0 2
-27.08080360 2 0 3
-27.37834958 3 0 4 5
-27.37834958 3 7 4 5
-27.37834958 3 6 4 5
-27.81447119 3 6 7 4
-28.19448669 3 3 6 4
-28.19448669 3 3 7 4
-28.30046419 3 7 5 2
-28.30046419 3 6 2 5
-28.30046419 3 0 2 5
-29.04441754 3 7 4 2
-29.10849752 3 3 6 7
-29.45533906 3 6 2 4
-29.59188002 3 0 7 4
-29.59188002 3 0 6 4
-29.80708471 3 6 7 5
-29.80708471 3 0 7 5
-29.80708471 3 0 6 5
-30.83053445 3 6 7 2
-30.84163342 3 3 6 2
-30.84860018 3 0 3 6
-31.38414983 3 0 6 7
-32.03181521 3 0 6 2
-35.00716578 3 3 7 2
-35.17712154 3 0 7 2
-35.52944559 3 0 3 7
-36.11277316 3 3 2 4
-36.11466557 3 0 3 4
-36.23060437 3 0 2 4
-37.97269422 3 0 3 2
2 64
-167.40713235 1 7
-168.21342741 1 4
-170.63330982 2 3 4
-171.00581188 2 7 4
-171.51236869 2 4 5
-171.80089144 2 3 7
-172.18836041 2 1 7
-172.65259243 2 6 7
-172.66460376 2 7 5
-172.86933654 2 0 7
-173.22465725 2 6 4
-173.64974670 2 0 4
-173.72683619 2 1 4
-175.35955415 1 3
-175.97551869 0 
-176.70671637 1 5
-178.25248616 1 0
-178.53915346 1 1
-178.65859582 1 6
-180.05043306 2 3 6
-180.21863173 3 3 6 4
-180.32310258 2 0 3
-180.52674708 3 3 7 4
-180.61509380 3 3 6 7
-180.72155676 2 3 5
-180.72155676 2 3 1
-180.72155676 2 1 5
-180.86139523 3 6 7 4
-181.08836962 3 6 4 5
-181.16612580 3 7 4 5
-181.50127124 3 1 7 4
-181.55008682 2 6 5
-181.56336255 3 0 3 4
-181.67433925 3 3 4 5
-181.67433925 3 3 1 4
-181.67433925 3 1 4 5
-181.67869189 2 0 5
-182.00394840 3 0 7 4
-182.09975374 3 6 7 5
-182.20090507 3 3 7 5
-182.20090507 3 3 1 7
-182.20090507 3 1 7 5
-182.44242143 3 0 4 5
-182.74832103 3 0 3 7
-183.14189888 3 6 7 1
-183.18441869 3 0 1 7
-183.58512584 2 0 1
-183.62850747 3 0 7 5
-183.65760557 3 0 6 7
-183.67536983 2 0 6
-183.88823188 2 6 1
-184.13103812 3 1 6 4
-184.19944086 3 0 6 4
-184.68461639 3 0 1 4
-190.58866798 3 0 3 6
-191.08638813 3 6 1 5
-191.08638813 3 3 6 5
-191.08638813 3 3 6 1
-191.21499321 3 0 3 5
-191.21499321 3 0 3 1
-191.21499321 3 0 1 5
-191.76447860 3 3 1 5
-192.08832175 3 0 6 5
-194.42646681 3 0 6 1
3 64
-11.04292184 2 1 5
-13.24270196 1 5
-16.33542774 2 4 5
-17.25754235 2 2 5
-18.76416288 2 7 5
-18.76416288 2 6 5
-18.76416288 2 0 5
-22.08584367 3 1 2 5
-22.08584367 3 6 1 5
-22.08584367 3 1 7 5
-22.08584367 3 1 4 5
-22.08584367 3 0 1 5
-26.49739829 3 2 4 5
-27.37834958 3 0 4 5
-27.37834958 3 7 4 5
-27.37834958 3 6 4 5
-28.30046419 3 7 5 2
-28.30046419 3 6 2 5
-28.30046419 3 0 2 5
-28.61136745 1 6
-29.06474853 2 6 7
-29.80708471 3 6 7 5
-29.80708471 3 0 7 5
-29.80708471 3 0 6 5
-30.00320469 2 6 2
-32.65778847 2 6 1
-34.05086770 2 6 4
-34.13282837 2 0 6
-37.02724990 3 6 7 2
-37.83201806 3 6 7 1
-39.85594473 3 6 2 1
-40.02257118 3 6 7 4
-40.10767037 3 0 6 7
-41.04484218 3 6 2 4
-41.04612652 3 0 6 2
-43.69639620 3 1 6 4
-43.70071031 3 0 6 1
-45.09378954 3 0 6 4
-46.21649565 1 7
-48.55052136 2 7 4
-50.61025474 2 7 2
-51.25358861 2 0 7
-51.37638510 2 1 7
-53.23540029 1 2
-53.85136483 0 
-56.24381384 1 4
-56.39671743 1 0
-56.45089742 1 1
-58.07145657 3 7 4 2
-58.19604987 3 1 7 4
-58.46733386 2 0 2
-58.63330073 2 1 2
-58.66369625 2 2 4
-59.25635187 3 0 7 4
-61.13257311 3 0 7 2
-61.38892977 3 1 7 2
-61.49624047 2 0 4
-61.64128382 2 1 4
-61.75426987 2 0 1
-61.92099481 3 0 1 7
-69.38413724 3 0 1 2
-69.40985633 3 0 2 4
-69.58878688 3 1 2 4
-72.41517136 3 0 1 4
4 64
-110.48157244 2 7 5
-112.17370617 2 6 7
-112.27609438 2 1 7
-113.17439890 1 7
-115.50842461 2 3 7
-116.77307842 2 7 2
-118.13147852 2 0 7
-118.98309448 3 7 5 2
-119.09575914 3 3 7 5
-119.09575914 3 3 1 7
-119.09575914 3 1 7 5
-119.64694936 3 6 7 1
-120.38250897 3 6 7 2
-120.78695068 3 6 7 5
-121.22801802 3 0 7 5
-121.58900521 3 1 7 2
-122.86131915 3 0 1 7
-122.93410548 3 0 6 7
-123.13152882 3 3 6 7
-124.23428025 3 3 7 2
-126.13424178 3 0 3 7
-127.26609039 3 0 7 2
-168.28543432 1 2
-171.40040612 2 0 2
-171.89827818 2 1 2
-172.95780506 2 6 2
-173.61390838 2 2 5
-173.71373028 2 3 2
-176.00314558 1 0
-176.04752560 0 
-176.71059544 1 1
-178.39174363 1 6
-178.43997461 1 3
-178.80825606 1 5
-179.47562909 2 0 1
-180.57511965 3 0 1 2
-181.00675923 2 0 6
-181.10266862 2 0 3
-181.18144450 2 6 1
-181.42425074 3 6 2 1
-181.52234389 2 0 5
-181.53083026 3 0 6 2
-181.90098184 2 3 5
-181.90098184 2 3 1
-181.90098184 2 1 5
-182.28607343 3 0 2 5
-182.34292859 3 0 3 2
-182.85376432 3 3 2 5
-182.85376432 3 3 1 2
-182.85376432 3 1 2 5
-183.14414833 3 6 2 5
-183.60586553 2 6 5
-183.83124388 2 3 6
-183.99944255 3 3 6 2
-189.31792102 3 0 6 1
-190.13653059 3 0 3 5
-190.13653059 3 0 3 1
-190.13653059 3 0 1 5
-191.74234205 3 0 6 5
-191.96772039 3 0 3 6
-192.22005223 3 6 1 5
-192.22005223 3 3 6 5
-192.22005223 3 3 6 1
-192.94390367 3 3 1 5
5 64
-11.04292184 2 3 1
-19.80567834 2 3 6
-21.61073651 1 3
-22.08584367 3 3 1 2
-22.08584367 3 3 6 1
-22.08584367 3 3 1 7
-22.08584367 3 3 1 4
-22.08584367 3 0 3 1
-24.60715216 2 3 7
-25.07174373 2 3 4
-26.97273912 2 3 2
-27.08080360 2 0 3
-28.19448669 3 3 6 4
-28.19448669 3 3 7 4
-28.36616134 2 6 7
-29.10849752 3 3 6 7
-29.65288291 1 6
-30.84163342 3 3 6 2
-30.84860018 3 0 3 6
-32.54437391 2 6 2
-32.65778847 2 6 1
-34.86700482 2 6 4
-35.00716578 3 3 7 2
-35.17434383 2 0 6
-35.52944559 3 0 3 7
-36.11277316 3 3 2 4
-36.11466557 3 0 3 4
-36.97940585 3 6 7 4
-37.81332266 3 6 7 2
-37.83201806 3 6 7 1
-37.97269422 3 0 3 2
-39.40908317 3 0 6 7
-39.85594473 3 6 2 1
-42.73071718 3 6 2 4
-43.58729575 3 0 6 2
-43.69639620 3 1 6 4
-43.70071031 3 0 6 1
-45.90992665 3 0 6 4
-49.36665848 2 7 4
-51.37638510 2 1 7
-52.05948493 1 7
-56.45089742 1 1
-56.97594948 2 0 7
-57.31695633 2 7 2
-58.19604987 3 1 7 4
-58.63330073 2 1 2
-59.52697240 3 7 4 2
-60.07248899 3 0 7 4
-61.38892977 3 1 7 2
-61.64128382 2 1 4
-61.75426987 2 0 1
-61.92099481 3 0 1 7
-62.21939937 0 
-62.95059706 1 2
-64.71335815 1 0
-64.98012983 1 4
-67.73512042 3 0 7 2
-68.13956389 2 0 2
-68.27907112 2 2 4
-69.38413724 3 0 1 2
-69.58878688 3 1 2 4
-70.23255646 2 0 4
-72.41517136 3 0 1 4
-79.02523120 3 0 2 4
6 64
-71.43508526 1 5
-76.23269473 2 4 5
-76.27845571 2 2 5
-76.54751401 2 7 5
-76.61475612 2 0 5
-76.95654618 2 3 5
-76.95654618 2 3 1
-76.95654618 2 1 5
-78.76160435 1 3
-83.08909048 2 3 7
-83.45248325 2 3 2
-83.88988138 2 0 3
-84.15287361 2 3 4
-85.80869566 3 2 4 5
-85.98266400 3 7 5 2
-86.83475428 3 0 4 5
-86.85289225 3 7 4 5
-87.02438597 3 0 2 5
-87.15984648 3 0 7 5
-87.27561657 3 3 4 5
-87.27561657 3 3 1 4
-87.27561657 3 1 4 5
-87.32137755 3 3 1 2
-87.32137755 3 1 2 5
-87.32137755 3 3 2 5
-87.59043585 3 3 7 5
-87.59043585 3 3 1 7
-87.59043585 3 1 7 5
-87.65767796 3 0 3 5
-87.65767796 3 0 3 1
-87.65767796 3 0 1 5
-87.99946801 3 3 1 5
-90.71219469 3 3 7 4
-91.90329283 3 3 7 2
-93.58079454 3 0 3 7
-93.73819552 3 3 2 4
-94.15544678 3 0 3 2
-94.75493315 3 0 3 4
-99.24014487 2 7 4
-100.24083760 1 7
-100.74965513 1 1
-101.13480289 2 1 7
-104.00160172 0 
-104.72671279 2 0 7
-105.22050418 2 1 4
-105.48629767 2 7 2
-105.71123751 2 0 1
-106.09873355 2 1 2
-106.15377044 1 0
-106.34581975 1 4
-106.68467886 1 2
-108.50565787 3 1 7 4
-109.09572822 3 7 4 2
-109.52933975 3 0 7 4
-111.15738409 2 0 4
-111.24882322 3 0 1 7
-111.35704960 2 2 4
-111.57665411 2 0 2
-112.08834136 3 1 7 2
-115.51498183 3 0 7 2
-115.55352944 3 0 1 4
-115.62470612 3 1 2 4
-116.55257849 3 0 1 2
-121.70707825 3 0 2 4
7 64
-96.91236651 2 4 5
-104.83254538 2 3 4
-105.42016298 2 6 4
-106.56612361 3 2 4 5
-107.01887744 3 0 4 5
-107.53256402 3 6 4 5
-107.95528834 3 3 4 5
-107.95528834 3 3 1 4
-107.95528834 3 1 4 5
-111.39186646 3 3 6 4
-111.40052229 2 1 4
-112.52583786 1 4
-113.05690095 3 6 2 4
-114.68567598 3 1 6 4
-114.72598265 3 3 2 4
-114.93905632 3 0 3 4
-115.31822233 2 2 4
-115.55090058 3 0 6 4
-117.17894492 2 0 4
-119.17495734 3 1 2 4
-121.57509027 3 0 1 4
-125.53314662 3 0 2 4
-161.19693751 2 2 5
-164.20543268 2 3 2
-165.23905012 1 5
-165.63219705 2 6 2
-166.83057823 1 2
-167.31320331 2 0 5
-167.76409539 1 3
-169.26301889 3 0 2 5
-169.48423031 2 1 2
-169.66746236 2 0 2
-169.90748316 2 0 3
-170.35147887 2 6 5
-170.76051104 2 3 5
-170.76051104 2 3 1
-170.76051104 2 1 5
-170.90114579 3 6 2 5
-171.63820044 1 6
-172.09158152 2 3 6
-172.23985934 3 3 2 5
-172.23985934 3 3 1 2
-172.23985934 3 1 2 5
-172.33270161 3 0 3 2
-172.65624226 3 3 6 2
-173.60579007 3 0 6 2
-173.62355433 2 0 6
-175.05061198 1 0
-175.39896456 0 
-175.47383812 3 6 2 1
-175.83502336 1 1
-176.22017112 2 6 1
-177.78869306 3 0 1 2
-177.85829367 3 0 6 5
-178.18940021 2 0 1
-178.35612515 3 0 3 5
-178.35612515 3 0 3 1
-178.35612515 3 0 1 5
-179.59839633 3 0 3 6
-181.39440070 3 6 1 5
-181.39440070 3 3 6 5
-181.39440070 3 3 6 1
-181.80343287 3 3 1 5
-183.72698592 3 0 6 1
