8
0 64
-50.04830186 0 
-52.83232844 1 5
-52.94506814 1 3
-53.03272754 1 4
-53.07059467 1 2
-53.39707383 1 1
-53.44563657 1 7
-53.49865227 1 6
-58.49997586 2 6 4
-58.90812804 2 7 6
-59.08115308 2 2 5
-59.19123243 2 5 4
-59.21157803 2 3 2
-59.31214876 2 3 4
-59.43320574 2 7 4
-59.51308502 2 6 5
-59.57460083 2 2 4
-59.60321472 2 7 5
-59.72354039 2 6 3
-59.73084200 2 7 3
-59.74008372 2 3 5
-59.74008372 2 3 1
-59.74008372 2 1 5
-59.77670118 2 6 2
-59.82922651 2 1 4
-59.86244106 2 1 2
-59.95811381 2 7 2
-60.23961891 2 7 1
-60.30475709 2 6 1
-70.67114434 3 6 2 4
-71.47333490 3 7 6 4
-71.56611186 3 6 5 4
-71.75718339 3 6 3 4
-71.80577025 3 7 6 2
-72.20918897 3 6 1 4
-72.30103493 3 7 6 5
-72.35524279 3 6 2 5
-72.39789319 3 7 6 3
-72.48398333 3 2 5 4
-72.59521171 3 6 2 3
-72.60407734 3 7 2 4
-72.60939485 3 7 5 4
-72.61567997 3 3 2 4
-72.65383968 3 7 6 1
-72.70126463 3 7 3 4
-72.81440055 3 7 2 5
-72.89666363 3 3 2 5
-72.89666363 3 3 1 2
-72.89666363 3 1 2 5
-72.95321102 3 7 3 2
-73.00674299 3 3 1 4
-73.00674299 3 3 5 4
-73.00674299 3 1 5 4
-73.16471486 3 7 1 4
-73.27324537 3 1 2 4
-73.32859557 3 6 5 3
-73.32859557 3 6 1 5
-73.32859557 3 6 1 3
-73.41872528 3 7 3 5
-73.41872528 3 7 3 1
-73.41872528 3 7 1 5
-73.50926191 3 6 1 2
-73.55559427 3 3 1 5
-73.65491500 3 7 1 2
1 64
-13.81551056 2 3 5
-27.63102112 3 7 3 5
-27.63102112 3 6 5 3
-27.63102112 3 3 5 4
-27.63102112 3 3 2 5
-27.63102112 3 0 5 3
-42.41113891 1 5
-44.22392736 2 2 5
-47.20482305 2 6 3
-49.14033628 2 6 5
-49.14236106 2 5 4
-49.22754334 2 7 5
-49.31889419 2 0 5
-49.68494126 1 6
-55.97288677 2 6 2
-56.23225039 2 7 6
-56.49104609 2 0 6
-56.58420248 2 6 4
-57.44347073 3 7 2 5
-57.76886132 3 2 5 4
-57.92077820 3 6 2 5
-58.03943792 3 0 2 5
-58.95433319 3 7 6 3
-60.80987823 3 0 3 6
-60.88374519 3 6 2 3
-60.95335879 3 6 3 4
-61.83685389 3 7 5 4
-62.80199476 3 6 5 4
-62.87458536 3 7 6 5
-62.95584684 3 0 5 6
-62.95787161 3 0 5 4
-63.04305389 3 7 0 5
-67.63302968 3 7 6 4
-68.65283499 3 7 6 2
-69.70544750 3 0 2 6
-69.78226868 3 6 2 4
-69.97796203 3 7 0 6
-70.29341559 3 0 4 6
-72.82548605 0 
-73.33265461 1 7
-75.37168958 1 3
-75.65587144 1 2
-75.97226730 2 7 4
-76.09535029 1 4
-76.17425802 1 0
-78.82663410 2 7 3
-79.67740940 2 7 2
-80.12663695 2 7 0
-81.33135463 2 3 2
-82.03627937 2 3 4
-82.16670516 2 0 3
-82.44771782 2 0 2
-82.48625168 2 2 4
-82.89184926 2 0 4
-87.94893347 3 7 3 4
-88.24427537 3 7 2 4
-89.70377642 3 7 0 4
-91.93070295 3 7 3 2
-92.51451738 3 7 0 3
-93.37421059 3 7 0 2
-95.01644023 3 0 2 3
-95.06505427 3 3 2 4
-95.73087359 3 0 3 4
-96.18489623 3 0 2 4
2 64
-621.41317302 2 3 4
-625.81544765 2 5 4
-633.12047622 3 6 3 4
-633.99092560 3 7 3 4
-634.44194791 3 3 1 4
-634.44194791 3 1 5 4
-634.44194791 3 3 5 4
-634.71670422 3 0 3 4
-635.78044516 2 6 4
-637.04940743 3 7 5 4
-638.16870248 3 6 5 4
-639.10819855 3 0 5 4
-647.01856694 3 7 6 4
-647.36972296 2 7 3
-647.95161364 3 0 4 6
-648.97851136 3 6 1 4
-652.25786441 2 7 5
-652.41291701 1 4
-655.76925128 1 3
-658.53787857 2 7 4
-658.80381840 2 1 4
-658.95479030 2 0 4
-659.32484349 3 7 6 3
-659.91612786 1 5
-660.31385213 2 6 3
-660.47379181 3 7 3 1
-660.47379181 3 7 3 5
-660.47379181 3 7 1 5
-660.59209198 3 7 0 3
-661.10280035 2 7 6
-661.72891632 2 3 5
-661.72891632 2 3 1
-661.72891632 2 1 5
-662.03576117 2 0 3
-664.64111400 3 7 6 5
-665.21233236 2 6 5
-665.46905024 3 7 0 5
-666.16495250 2 0 5
-670.79406176 1 6
-670.80988663 3 7 1 4
-671.70875017 3 7 0 4
-672.24783726 3 0 1 4
-673.18552345 3 0 3 6
-673.52338495 3 7 6 1
-673.88521465 1 7
-673.99277427 3 6 5 3
-673.99277427 3 6 1 3
-673.99277427 3 6 1 5
-674.00044256 3 7 0 6
-674.88549624 3 0 5 3
-674.88549624 3 0 1 5
-674.88549624 3 0 1 3
-675.54442688 3 3 1 5
-677.07211067 2 0 6
-677.08200726 2 6 1
-678.05449013 3 0 5 6
-680.22996945 2 7 1
-680.39769190 2 7 0
-690.28651208 3 0 1 6
-693.64526553 3 7 0 1
-693.71027157 0 
-696.54065696 1 1
-696.73256438 1 0
-703.00602419 2 0 1
3 64
-13.81551056 2 1 5
-27.63102112 3 1 5 4
-27.63102112 3 7 1 5
-27.63102112 3 6 1 5
-27.63102112 3 1 2 5
-27.63102112 3 0 1 5
-42.41113891 1 5
-44.22392736 2 2 5
-49.14033628 2 6 5
-49.14236106 2 5 4
-49.22754334 2 7 5
-49.31889419 2 0 5
-57.44347073 3 7 2 5
-57.76886132 3 2 5 4
-57.92077820 3 6 2 5
-58.03943792 3 0 2 5
-61.83685389 3 7 5 4
-62.80199476 3 6 5 4
-62.87458536 3 7 6 5
-62.95584684 3 0 5 6
-62.95787161 3 0 5 4
-63.04305389 3 7 0 5
-97.73123019 2 6 2
-102.64208862 3 6 1 2
-105.56414681 3 7 6 2
-105.73132161 2 6 1
-107.34210367 2 7 6
-108.21143983 1 6
-110.06418647 3 7 6 1
-110.50488782 3 6 2 4
-110.54974073 3 0 2 6
-113.16485677 2 6 4
-114.43632795 2 0 6
-117.53401308 3 6 1 4
-118.75516009 3 0 1 6
-120.41782145 3 7 6 4
-120.83186882 3 7 0 6
-126.42206430 3 0 4 6
-204.26968463 2 7 2
-209.67933316 3 7 2 4
-211.32167843 1 2
-216.52297817 3 7 1 2
-216.99716162 2 1 2
-217.26478183 3 7 0 2
-217.44273750 2 2 4
-217.46266179 2 0 2
-230.02154009 3 1 2 4
-230.03138420 3 0 1 2
-230.48381664 3 0 2 4
-230.78517632 1 7
-234.22628613 2 7 4
-236.27915581 2 7 1
-237.07038175 2 7 0
-246.20295230 3 7 1 4
-247.49434502 3 7 0 4
-248.44248149 1 4
-249.26269873 0 
-249.45826217 3 7 0 1
-251.80890226 1 1
-252.15946501 1 0
-254.38341057 2 1 4
-254.72190271 2 0 4
-258.15191215 2 0 1
-267.56092705 3 0 1 4
4 64
-465.78316883 2 7 2
-465.87614656 3 7 2 5
-469.92350021 3 7 6 2
-471.19281736 3 7 3 2
-474.35003480 3 7 1 2
-478.42913235 3 7 0 2
-481.08460354 2 7 5
-481.13050492 1 7
-483.77011761 2 7 1
-484.00773362 2 7 6
-484.57161472 2 7 3
-487.11807408 2 7 0
-493.69391410 3 7 3 5
-493.69391410 3 7 3 1
-493.69391410 3 7 1 5
-494.09078366 3 7 0 5
-494.46966802 3 7 6 5
-495.40851292 3 7 6 1
-496.57294048 3 7 0 6
-496.69521355 3 7 0 1
-497.08345140 3 7 6 3
-497.54203736 3 7 0 3
-651.24821834 1 2
-657.36927741 2 3 2
-657.55804310 2 2 5
-657.75222450 2 0 2
-657.81768688 2 6 2
-658.07859858 2 1 2
-668.71213004 3 0 2 6
-670.59134451 3 6 2 3
-670.77337935 3 0 2 3
-670.82796781 3 6 2 5
-670.96087335 3 0 2 5
-671.10297705 3 3 1 2
-671.10297705 3 1 2 5
-671.10297705 3 3 2 5
-671.48940290 3 0 1 2
-671.62706879 3 6 1 2
-691.65872330 1 5
-691.72535567 1 3
-692.54557291 0 
-692.83130348 1 6
-695.52999859 1 0
-695.81543715 1 1
-697.78472042 2 6 3
-697.83262707 2 0 6
-697.87159769 2 6 5
-698.01762729 2 0 5
-698.09243629 2 0 3
-698.38994545 2 3 5
-698.38994545 2 3 1
-698.38994545 2 1 5
-699.73056469 2 6 1
-702.24758982 2 0 1
-709.81836342 3 0 3 6
-709.92462453 3 0 5 6
-711.53325617 3 6 5 3
-711.53325617 3 6 1 5
-711.53325617 3 6 1 3
-711.63499658 3 0 1 6
-711.65660472 3 0 5 3
-711.65660472 3 0 1 3
-711.65660472 3 0 1 5
-712.20545601 3 3 1 5
5 64
-13.81551056 2 3 1
-27.63102112 3 3 1 4
-27.63102112 3 7 3 1
-27.63102112 3 6 1 3
-27.63102112 3 3 1 2
-27.63102112 3 0 1 3
-47.20482305 2 6 3
-58.95433319 3 7 6 3
-60.80987823 3 0 3 6
-60.88374519 3 6 2 3
-60.95335879 3 6 3 4
-75.37168958 1 3
-78.82663410 2 7 3
-81.33135463 2 3 2
-82.03627937 2 3 4
-82.16670516 2 0 3
-87.94893347 3 7 3 4
-91.93070295 3 7 3 2
-92.51451738 3 7 0 3
-95.01644023 3 0 2 3
-95.06505427 3 3 2 4
-95.73087359 3 0 3 4
-100.69419719 2 6 2
-102.64208862 3 6 1 2
-103.42185150 2 7 6
-105.73132161 2 6 1
-106.27592659 1 6
-106.96016515 3 7 6 2
-110.06418647 3 7 6 1
-111.31622080 2 6 4
-112.29035934 2 0 6
-113.27273880 3 0 2 6
-113.70447812 3 6 2 4
-113.88378590 3 7 6 4
-116.81475840 3 7 0 6
-117.53401308 3 6 1 4
-118.75516009 3 0 1 6
-124.38235680 3 0 4 6
-216.52297817 3 7 1 2
-216.99716162 2 1 2
-230.02154009 3 1 2 4
-230.03138420 3 0 1 2
-236.27915581 2 7 1
-238.75691684 2 7 2
-238.84989457 3 7 2 4
-246.20295230 3 7 1 4
-248.42910570 1 2
-249.45826217 3 7 0 1
-251.61320358 3 7 0 2
-251.80890226 1 1
-254.38341057 2 1 4
-254.43966410 2 0 2
-254.73893045 2 2 4
-258.15191215 2 0 1
-260.33836571 2 7 4
-260.38426708 1 7
-266.54184523 2 7 0
-267.56092705 3 0 1 4
-267.64831295 3 0 2 4
-273.51455481 3 7 0 4
-281.33639980 1 4
-282.22324941 0 
-285.00727598 1 0
-287.49490469 2 0 4
6 64
-223.28871522 1 5
-228.58491972 2 2 5
-229.50158960 2 5 4
-229.61028002 2 7 5
-229.96947180 2 0 5
-230.01791260 2 3 5
-230.01791260 2 3 1
-230.01791260 2 1 5
-241.85484443 3 2 5 4
-241.85900943 3 0 2 5
-241.87646903 3 0 5 4
-241.99352961 3 7 2 5
-242.28177055 3 3 2 5
-242.28177055 3 3 1 2
-242.28177055 3 1 2 5
-242.30810023 3 7 0 5
-242.99534450 3 7 5 4
-243.16122331 3 3 1 4
-243.16122331 3 1 5 4
-243.16122331 3 3 5 4
-243.25732204 3 7 3 5
-243.25732204 3 7 1 5
-243.25732204 3 7 3 1
-243.60642445 3 0 5 3
-243.60642445 3 0 1 5
-243.60642445 3 0 1 3
-243.83342315 3 3 1 5
-258.18477913 1 3
-262.72937998 2 3 2
-263.12962294 2 7 3
-264.24414388 2 3 4
-264.96325138 2 0 3
-275.08474347 3 7 3 2
-275.64145963 3 7 3 4
-275.79667414 3 7 0 3
-275.95144709 3 3 2 4
-276.11301367 3 0 2 3
-276.68917851 3 0 3 4
-356.63684355 2 1 2
-362.76570688 3 7 1 2
-369.47229137 2 7 1
-370.18531376 3 1 2 4
-370.28366440 3 0 1 2
-373.79028129 2 7 2
-376.09549325 1 1
-376.31982822 1 2
-377.93061267 3 7 2 4
-380.01062079 2 1 4
-381.11068668 3 7 1 4
-381.88651214 3 7 0 1
-382.88929677 2 2 4
-383.00317651 2 0 1
-383.02593473 2 0 2
-385.63793773 3 7 0 2
-386.57269559 1 7
-389.44992430 2 7 4
-392.03518706 2 7 0
-392.39058326 3 0 1 4
-393.98584027 3 0 2 4
-399.23603804 0 
-399.52176861 1 4
-401.49005346 3 7 0 4
-402.68638844 1 0
-404.98901693 2 0 4
7 64
-457.20970897 2 5 4
-463.99154770 2 3 4
-468.13589876 2 6 4
-468.44366874 3 2 5 4
-469.90420180 3 3 1 4
-469.90420180 3 1 5 4
-469.90420180 3 3 5 4
-470.62787138 3 0 5 4
-470.70346386 3 6 5 4
-475.38886344 3 6 3 4
-476.56930028 3 3 2 4
-477.38066357 3 0 3 4
-478.08466007 2 1 4
-478.20774306 1 4
-479.18472596 3 6 1 4
-479.37402053 3 6 2 4
-481.10925779 3 0 4 6
-484.33270462 2 2 4
-484.60822126 2 0 4
-490.09072831 3 1 2 4
-491.42014842 3 0 1 4
-497.36218113 3 0 2 4
-660.12556528 2 2 5
-662.74576033 2 3 2
-667.26820721 2 6 2
-667.78382873 1 5
-669.79775413 1 2
-671.14528865 1 3
-673.34510865 3 3 1 2
-673.34510865 3 3 2 5
-673.34510865 3 1 2 5
-673.53417517 3 6 2 5
-673.81929210 2 1 2
-673.85881275 3 0 2 5
-674.10539353 2 6 5
-674.55471501 2 0 5
-674.60023316 2 3 5
-674.60023316 2 3 1
-674.60023316 2 1 5
-675.10112382 3 6 2 3
-676.09013246 2 6 3
-676.48739332 3 0 2 3
-676.68527328 2 0 2
-676.95946861 1 6
-677.93106250 2 0 3
-679.29727628 3 0 2 6
-679.94815543 3 6 1 2
-682.36894439 2 0 6
-683.50677774 2 6 1
-686.89334345 3 0 5 6
-687.61176605 3 0 1 2
-687.83964261 3 6 5 3
-687.83964261 3 6 1 5
-687.83964261 3 6 1 3
-688.27887472 3 0 5 3
-688.27887472 3 0 1 5
-688.27887472 3 0 1 3
-688.41574372 3 3 1 5
-688.76448526 3 0 3 6
-689.62281106 0 
-690.12997961 1 1
-693.02014576 1 0
-695.85586033 3 0 1 6
-696.97252470 2 0 1
