8
0 64
-19.01120391 0 
-21.29764545 1 6
-21.37210363 1 4
-21.54635546 1 5
-21.56605327 1 2
-21.58514965 1 3
-21.73549623 1 1
-21.73972949 1 7
-24.11776425 2 2 6
-24.51827045 2 6 4
-25.87679578 2 5 6
-25.94789527 2 2 4
-25.98369040 2 6 7
-26.10871439 2 6 3
-26.28194526 2 4 7
-26.68684958 2 5 4
-26.71184938 2 1 6
-26.72233638 2 3 4
-26.80208305 2 2 7
-26.80777902 2 2 5
-26.86011334 2 1 4
-26.86359821 2 2 3
-27.03687737 2 2 1
-27.04524008 2 5 7
-27.06781638 2 5 3
-27.06781638 2 1 5
-27.06781638 2 1 3
-27.07785198 2 3 7
-27.23088480 2 1 7
-34.18773381 3 2 6 4
-34.40249475 3 5 6 4
-34.61322360 3 2 6 3
-34.61322360 3 2 5 6
-34.71328879 3 6 3 4
-34.79864378 3 6 4 7
-34.86966125 3 2 6 7
-35.16068608 3 2 1 6
-35.43979404 3 1 6 4
-35.96465476 3 2 4 7
-36.12751852 3 5 6 7
-36.12751852 3 6 3 7
-36.78652402 3 2 5 4
-36.81489519 3 2 3 4
-36.91971762 3 5 3 6
-36.91971762 3 1 6 3
-36.91971762 3 1 5 6
-36.96432511 3 2 1 4
-37.02661223 3 1 6 7
-37.15367507 3 5 4 7
-37.16649594 3 3 4 7
-37.31267167 3 1 4 7
-37.56946376 3 2 5 7
-37.61358937 3 2 3 7
-37.72977142 3 5 3 4
-37.72977142 3 1 5 4
-37.72977142 3 1 3 4
-37.80445818 3 2 1 7
-37.85070086 3 2 5 3
-37.85070086 3 2 1 5
-37.85070086 3 2 1 3
-38.08816191 3 5 3 7
-38.08816191 3 1 5 7
-38.08816191 3 1 3 7
-38.11073822 3 1 5 3
1 64
-11.04292184 2 5 3
-13.63156268 1 5
-15.27395012 1 6
-17.15156486 2 5 7
-18.31703958 2 2 5
-18.54895819 2 6 3
-18.76416288 2 6 7
-19.01120391 0 
-19.02598334 1 7
-19.15302360 2 5 0
-19.15302360 2 5 6
-19.15302360 2 5 4
-19.49710359 2 2 6
-19.57549438 1 2
-20.68815405 2 6 0
-20.76393136 2 6 4
-21.58514965 1 3
-21.73222299 1 4
-21.73549623 1 0
-22.08584367 3 5 3 7
-22.08584367 3 5 3 6
-22.08584367 3 5 3 4
-22.08584367 3 5 3 0
-22.08584367 3 2 5 3
-22.73469173 2 4 7
-23.67927963 2 2 7
-24.32857941 2 3 7
-24.51613102 2 2 4
-24.51713865 2 0 7
-24.80723992 2 2 3
-25.04631848 2 2 0
-27.06176722 2 3 4
-27.06781638 2 3 0
-27.22023271 2 0 4
-27.81447119 3 2 6 3
-27.81447119 3 2 5 7
-27.81447119 3 6 3 7
-27.95291412 3 5 4 7
-28.19448669 3 5 0 7
-28.19448669 3 5 6 7
-28.80189908 3 6 4 7
-29.28789208 3 2 5 4
-29.35996142 3 2 6 7
-29.35996142 3 6 3 0
-29.35996142 3 2 5 6
-29.35996142 3 2 5 0
-29.45533906 3 6 3 4
-29.80708471 3 6 0 7
-30.19594543 3 5 6 4
-30.19594543 3 5 6 0
-30.19594543 3 5 0 4
-30.20419653 3 2 6 4
-30.54002543 3 2 6 0
-31.68545494 3 6 0 4
-31.79664328 3 2 4 7
-33.33905254 3 3 4 7
-33.76541814 3 4 0 7
-34.47026825 3 2 3 7
-34.68165475 3 2 0 7
-35.19083089 3 2 3 4
-35.33888934 3 3 0 7
-35.53256085 3 2 0 4
-35.79434257 3 2 3 0
-38.06920226 3 3 0 4
2 64
-152.76486548 2 4 7
-153.31253767 1 7
-153.35582365 2 5 4
-153.42717981 1 4
-155.36162846 2 3 4
-155.86961786 2 6 4
-156.17956932 2 5 7
-156.21108784 2 1 4
-156.70078681 2 3 7
-157.41438035 2 6 7
-157.96583396 2 1 7
-158.00297145 2 0 4
-158.37489124 2 0 7
-158.71351174 3 5 4 7
-160.36154126 3 6 4 7
-160.40413642 3 3 4 7
-161.82681703 3 1 4 7
-162.44757499 3 4 0 7
-163.45549809 3 5 0 4
-163.49069214 3 5 3 4
-163.49069214 3 1 5 4
-163.49069214 3 1 3 4
-164.03876317 3 5 6 4
-165.30988303 3 1 6 4
-165.45418727 3 3 0 4
-165.53908121 3 6 0 4
-165.88729545 3 6 3 4
-166.30035120 3 6 0 7
-166.31529960 3 1 0 4
-166.70379301 3 5 0 7
-166.81833629 3 5 6 7
-166.84247565 3 5 3 7
-166.84247565 3 1 5 7
-166.84247565 3 1 3 7
-166.87444239 3 6 3 7
-167.23652419 3 3 0 7
-168.01017889 3 1 6 7
-168.53940733 3 1 0 7
-175.16734028 1 5
-175.91950374 0 
-176.37207828 1 6
-176.48379422 1 1
-176.63072691 1 3
-178.47435311 1 0
-179.19219708 2 6 0
-179.85281718 2 5 3
-179.85281718 2 1 5
-179.85281718 2 1 3
-180.42876384 2 5 0
-180.59523176 2 1 6
-180.65059190 2 5 6
-181.59201673 2 6 3
-181.78517536 2 1 0
-181.90917547 2 3 0
-189.04406846 3 1 6 0
-189.38701972 3 5 6 0
-190.09652594 3 6 3 0
-190.63570166 3 5 3 0
-190.63570166 3 1 5 0
-190.63570166 3 1 3 0
-190.85752973 3 5 3 6
-190.85752973 3 1 6 3
-190.85752973 3 1 5 6
-190.89573902 3 1 5 3
3 64
-11.04292184 2 1 5
-13.63156268 1 5
-17.15156486 2 5 7
-18.31703958 2 2 5
-19.15302360 2 5 0
-19.15302360 2 5 6
-19.15302360 2 5 4
-22.08584367 3 2 1 5
-22.08584367 3 1 5 7
-22.08584367 3 1 5 6
-22.08584367 3 1 5 4
-22.08584367 3 1 5 0
-26.31587633 1 6
-27.81447119 3 2 5 7
-27.95291412 3 5 4 7
-28.19448669 3 5 0 7
-28.19448669 3 5 6 7
-29.28789208 3 2 5 4
-29.35996142 3 2 5 6
-29.35996142 3 2 5 0
-29.59088440 2 1 6
-30.19594543 3 5 6 4
-30.19594543 3 5 6 0
-30.19594543 3 5 0 4
-31.12694527 2 6 0
-31.53581478 2 2 6
-31.55854941 2 6 4
-31.56866262 2 6 7
-39.79875264 3 1 6 0
-39.85318237 3 2 1 6
-40.24995711 3 1 6 4
-40.61897093 3 1 6 7
-41.02872466 3 2 6 7
-41.57622700 3 2 6 4
-41.63361531 3 6 4 7
-41.71249074 3 6 0 7
-41.75356774 3 6 0 4
-42.03127414 3 2 6 0
-59.50261108 0 
-60.21383425 1 2
-62.05489672 1 4
-62.07655682 1 1
-62.07655682 1 0
-62.13487525 1 7
-63.98934537 2 2 4
-65.44557979 2 2 1
-65.51137919 2 2 0
-65.52312439 2 2 7
-66.35940278 2 4 7
-67.38444095 2 1 4
-67.40512947 2 0 4
-67.40887698 2 1 0
-67.43747132 2 1 7
-67.47299775 2 0 7
-73.99867372 3 2 4 7
-74.66404525 3 2 1 4
-74.85634529 3 2 0 4
-76.25940327 3 2 1 0
-76.31411301 3 2 1 7
-76.33463070 3 2 0 7
-76.96376359 3 1 4 7
-77.24395346 3 4 0 7
-78.25409902 3 1 0 4
-78.29474843 3 1 0 7
4 64
-111.06805279 2 2 7
-111.61572498 1 7
-114.04937638 2 5 7
-115.32443337 2 1 7
-115.79511170 2 6 7
-115.84025251 2 3 7
-116.15794075 2 0 7
-116.58331880 3 2 5 7
-118.74227260 3 2 6 7
-119.18541645 3 2 1 7
-119.54360212 3 2 3 7
-120.23062450 3 2 0 7
-123.24382367 3 5 6 7
-124.15781137 3 5 0 7
-124.61006508 3 6 0 7
-124.85072565 3 5 3 7
-124.85072565 3 1 5 7
-124.85072565 3 1 3 7
-125.40622024 3 1 0 7
-125.83284790 3 1 6 7
-125.86006439 3 6 3 7
-125.92889647 3 3 0 7
-149.66295995 1 2
-152.85120955 2 2 5
-153.43847107 2 2 3
-154.04480195 2 2 0
-154.40339544 2 2 6
-154.60359658 2 2 1
-162.82995454 3 2 5 0
-163.38976805 3 2 3 0
-163.40015924 3 2 5 6
-163.82206204 3 2 5 3
-163.82206204 3 2 1 5
-163.82206204 3 2 1 3
-164.44380766 3 2 6 3
-164.47336501 3 2 6 0
-164.53104432 3 2 1 0
-165.11048839 3 2 1 6
-172.15528388 0 
-174.51618360 1 0
-174.66272617 1 5
-174.70756952 1 3
-174.87630296 1 1
-174.90585587 1 6
-178.12648088 2 6 0
-179.80322029 2 5 0
-179.84475625 2 3 0
-180.00092008 2 1 0
-180.01198797 2 5 6
-180.14852894 2 6 3
-180.18418709 2 5 3
-180.18418709 2 1 5
-180.18418709 2 1 3
-180.39583711 2 1 6
-188.53768694 3 5 6 0
-188.75310334 3 6 3 0
-189.12378177 3 1 6 0
-190.84614212 3 5 3 0
-190.84614212 3 1 5 0
-190.84614212 3 1 3 0
-191.05490981 3 5 3 6
-191.05490981 3 1 6 3
-191.05490981 3 1 5 6
-191.22710892 3 1 5 3
5 64
-11.04292184 2 1 3
-18.54895819 2 6 3
-21.58514965 1 3
-22.08584367 3 2 1 3
-22.08584367 3 1 6 3
-22.08584367 3 1 3 7
-22.08584367 3 1 3 4
-22.08584367 3 1 3 0
-24.32857941 2 3 7
-24.80723992 2 2 3
-25.71181093 1 6
-27.06176722 2 3 4
-27.06781638 2 3 0
-27.81447119 3 2 6 3
-27.81447119 3 6 3 7
-29.35996142 3 6 3 0
-29.45533906 3 6 3 4
-29.59088440 2 1 6
-29.99032455 2 2 6
-30.29096126 2 6 0
-30.81794303 2 6 4
-31.18864711 2 6 7
-33.33905254 3 3 4 7
-34.47026825 3 2 3 7
-35.19083089 3 2 3 4
-35.33888934 3 3 0 7
-35.79434257 3 2 3 0
-38.06920226 3 3 0 4
-38.63735908 3 6 4 7
-38.98708835 3 2 6 4
-39.79875264 3 1 6 0
-39.85318237 3 2 1 6
-40.24995711 3 1 6 4
-40.48578390 3 2 6 0
-40.59260305 3 2 6 7
-40.61897093 3 1 6 7
-40.70216733 3 6 0 4
-41.33247523 3 6 0 7
-62.07655682 1 1
-65.44557979 2 2 1
-66.70403459 1 2
-67.38444095 2 1 4
-67.40887698 2 1 0
-67.43747132 2 1 7
-67.45619806 0 
-69.31188980 1 7
-69.89228419 2 2 4
-69.96364035 1 4
-69.99134961 1 0
-71.74554120 2 4 7
-71.94576034 2 2 0
-72.17892145 2 2 7
-74.61740039 2 0 7
-74.66404525 3 2 1 4
-75.27838630 2 0 4
-76.25940327 3 2 1 0
-76.31411301 3 2 1 7
-76.96376359 3 1 4 7
-77.69418746 3 2 4 7
-78.25409902 3 1 0 4
-78.29474843 3 1 0 7
-80.73091293 3 2 0 4
-82.61727102 3 4 0 7
-82.94630216 3 2 0 7
6 64
-52.74759115 1 5
-57.07803147 2 5 0
-57.96771595 2 5 7
-58.09685295 2 5 4
-58.23084277 2 2 5
-58.26905207 2 5 3
-58.26905207 2 1 5
-58.26905207 2 1 3
-61.30524353 1 3
-65.52474601 2 3 7
-65.81249812 3 5 0 4
-65.82880826 2 3 0
-66.03628735 3 2 5 0
-66.26653334 2 2 3
-66.74620295 2 3 4
-67.04999439 3 5 0 7
-67.16216324 3 5 4 7
-68.12095330 3 5 3 0
-68.12095330 3 1 5 0
-68.12095330 3 1 3 0
-68.60648292 3 2 5 7
-68.77979247 3 2 5 4
-69.01063779 3 5 3 7
-69.01063779 3 1 5 7
-69.01063779 3 1 3 7
-69.13977479 3 5 3 4
-69.13977479 3 1 5 4
-69.13977479 3 1 3 4
-69.27376461 3 2 5 3
-69.27376461 3 2 1 5
-69.27376461 3 2 1 3
-69.31197390 3 1 5 3
-74.01615873 3 2 3 0
-74.57441255 3 3 0 7
-74.73715536 3 3 0 4
-75.54455789 3 3 4 7
-75.69840159 3 2 3 7
-77.27186994 3 2 3 4
-90.75472449 1 1
-94.49197828 0 
-94.86616203 2 2 1
-94.94455282 1 2
-95.73107764 2 1 0
-95.82913818 2 1 7
-96.09095864 1 7
-96.27425863 2 1 4
-96.77841981 1 0
-97.24255027 1 4
-97.49626379 2 2 0
-99.68498831 2 2 4
-100.19280133 2 2 7
-100.27034536 2 4 7
-100.33491955 2 0 7
-100.38871709 2 0 4
-102.98997073 3 2 1 0
-104.85393932 3 1 0 4
-105.37305383 3 2 1 4
-105.62486561 3 1 0 7
-105.87348312 3 2 1 7
-106.33755271 3 1 4 7
-107.86702114 3 2 4 7
-107.92482685 3 2 0 4
-108.26037952 3 2 0 7
-108.78704389 3 4 0 7
7 64
-110.20891491 2 2 4
-110.87122924 1 4
-111.87369798 2 1 4
-112.65313009 2 5 4
-113.89902433 2 6 4
-115.17573530 2 3 4
-115.78107086 2 0 4
-117.48942717 3 2 1 4
-118.01081818 3 2 5 4
-118.39094773 3 2 6 4
-120.21824325 3 2 3 4
-120.22567440 3 2 0 4
-121.45302062 3 5 3 4
-121.45302062 3 1 5 4
-121.45302062 3 1 3 4
-121.71844038 3 5 6 4
-121.93699205 3 1 6 4
-122.32625630 3 1 0 4
-123.11995558 3 5 0 4
-123.97409023 3 6 3 4
-124.17939766 3 6 0 4
-125.61989485 3 3 0 4
-148.80382206 1 2
-152.90760731 2 2 1
-154.03985184 2 2 0
-154.05207057 2 2 6
-154.11311220 2 2 3
-154.27870893 2 2 5
-163.54498045 3 2 6 3
-163.67518811 3 2 1 0
-163.77614053 3 2 5 3
-163.77614053 3 2 1 5
-163.77614053 3 2 1 3
-163.91492840 3 2 1 6
-164.65434907 3 2 5 6
-164.80396758 3 2 6 0
-164.86310336 3 2 3 0
-165.04039367 3 2 5 0
-171.41078814 0 
-171.42556757 1 1
-173.00976850 1 6
-173.26647989 1 5
-174.04305230 1 3
-174.13931371 1 0
-176.49998126 2 1 6
-176.78648207 2 5 3
-176.78648207 2 1 5
-176.78648207 2 1 3
-176.92095614 2 1 0
-177.69581346 2 6 0
-178.26255479 2 6 3
-178.48660469 2 5 6
-178.76536450 2 5 0
-179.53575464 2 3 0
-186.81474412 3 1 6 0
-187.52806778 3 5 3 6
-187.52806778 3 1 6 3
-187.52806778 3 1 5 6
-187.80682760 3 5 3 0
-187.80682760 3 1 5 0
-187.80682760 3 1 3 0
-187.82940390 3 1 5 3
-188.28135892 3 6 3 0
-188.73732743 3 5 6 0
